-1 -1 
0.5284 0.4716 
-1 -1 
0.5322 0.4678 
-1 -1 
0.5313 0.4687 
0.5344 0.4656 
0.5322 0.4678 
-1 -1 
0.5357 0.4643 
0.5037 0.4963 
-1 -1 
-1 -1 
-1 -1 
-1 -1 
-1 -1 
0.5330 0.4670 
-1 -1 
-1 -1 
0.5103 0.4897 
-1 -1 
-1 -1 
0.5103 0.4897 
0.4435 0.5565 
0.5099 0.4901 
-1 -1 
-1 -1 
0.5358 0.4642 
0.5320 0.4680 
-1 -1 
-1 -1 
0.4993 0.5007 
-1 -1 
0.5236 0.4764 
0.5130 0.4870 
-1 -1 
0.5250 0.4750 
0.5116 0.4884 
0.5206 0.4794 
-1 -1 
0.5304 0.4696 
-1 -1 
0.5352 0.4648 
-1 -1 
-1 -1 
0.5079 0.4921 
-1 -1 
-1 -1 
-1 -1 
0.5079 0.4921 
0.5164 0.4836 
0.5114 0.4886 
-1 -1 
-1 -1 
0.5003 0.4997 
0.5063 0.4937 
-1 -1 
-1 -1 
0.4943 0.5057 
-1 -1 
0.4873 0.5127 
0.4990 0.5010 
0.4972 0.5028 
-1 -1 
-1 -1 
0.4945 0.5055 
0.5257 0.4743 
0.5118 0.4882 
0.4349 0.5651 
0.5383 0.4617 
-1 -1 
0.5170 0.4830 
0.4659 0.5341 
-1 -1 
-1 -1 
-1 -1 
0.5006 0.4994 
-1 -1 
0.4924 0.5076 
-1 -1 
-1 -1 
0.5000 0.5000 
0.4969 0.5031 
0.4980 0.5020 
0.5042 0.4958 
-1 -1 
0.5333 0.4667 
0.5344 0.4656 
-1 -1 
-1 -1 
0.5308 0.4692 
-1 -1 
-1 -1 
-1 -1 
-1 -1 
-1 -1 
-1 -1 
-1 -1 
0.5045 0.4955 
-1 -1 
0.5338 0.4662 
-1 -1 
-1 -1 
0.5118 0.4882 
0.5400 0.4600 
-1 -1 
-1 -1 
0.5076 0.4924 
-1 -1 
0.4659 0.5341 
0.4955 0.5045 
0.5170 0.4830 
-1 -1 
0.5213 0.4787 
0.5243 0.4757 
0.5196 0.4804 
0.5287 0.4713 
-1 -1 
-1 -1 
-1 -1 
-1 -1 
0.5243 0.4757 
0.5196 0.4804 
-1 -1 
-1 -1 
0.5266 0.4734 
-1 -1 
-1 -1 
0.4956 0.5044 
0.4744 0.5256 
-1 -1 
0.5162 0.4838 
-1 -1 
0.5174 0.4826 
-1 -1 
-1 -1 
0.5214 0.4786 
0.5249 0.4751 
0.5133 0.4867 
0.5012 0.4988 
-1 -1 
0.4962 0.5038 
-1 -1 
-1 -1 
0.4959 0.5041 
-1 -1 
-1 -1 
-1 -1 
-1 -1 
0.5123 0.4877 
0.5222 0.4778 
0.5255 0.4745 
0.5174 0.4826 
0.5230 0.4770 
0.5254 0.4746 
0.5271 0.4729 
-1 -1 
-1 -1 
0.5262 0.4738 
-1 -1 
-1 -1 
0.5159 0.4841 
0.5139 0.4861 
-1 -1 
0.5224 0.4776 
0.5086 0.4914 
-1 -1 
-1 -1 
0.5219 0.4781 
-1 -1 
0.5219 0.4781 
-1 -1 
0.5217 0.4783 
0.5219 0.4781 
-1 -1 
-1 -1 
0.5138 0.4862 
-1 -1 
0.5207 0.4793 
-1 -1 
0.4977 0.5023 
0.5019 0.4981 
-1 -1 
-1 -1 
-1 -1 
-1 -1 
-1 -1 
-1 -1 
0.5429 0.4571 
0.5425 0.4575 
-1 -1 
0.5481 0.4519 
0.5501 0.4499 
0.5498 0.4502 
0.5509 0.4491 
-1 -1 
0.5475 0.4525 
-1 -1 
-1 -1 
-1 -1 
0.5506 0.4494 
-1 -1 
0.5430 0.4570 
0.5110 0.4890 
-1 -1 
-1 -1 
-1 -1 
0.5150 0.4850 
0.5136 0.4864 
0.5005 0.4995 
-1 -1 
0.5162 0.4838 
-1 -1 
-1 -1 
0.5021 0.4979 
0.5005 0.4995 
0.5134 0.4866 
0.5032 0.4968 
0.5137 0.4863 
-1 -1 
0.5136 0.4864 
0.5020 0.4980 
-1 -1 
-1 -1 
0.5083 0.4917 
-1 -1 
-1 -1 
-1 -1 
0.5120 0.4880 
0.5069 0.4931 
0.5055 0.4945 
0.5127 0.4873 
0.5075 0.4925 
0.5040 0.4960 
0.5141 0.4859 
0.5119 0.4881 
-1 -1 
-1 -1 
-1 -1 
0.5113 0.4887 
0.4896 0.5104 
-1 -1 
0.4885 0.5115 
-1 -1 
0.5201 0.4799 
0.5148 0.4852 
-1 -1 
-1 -1 
0.3808 0.6192 
-1 -1 
-1 -1 
-1 -1 
0.5171 0.4829 
-1 -1 
-1 -1 
0.5201 0.4799 
-1 -1 
0.4978 0.5022 
0.4962 0.5038 
0.4955 0.5045 
-1 -1 
-1 -1 
-1 -1 
-1 -1 
-1 -1 
-1 -1 
-1 -1 
-1 -1 
-1 -1 
-1 -1 
0.4676 0.5324 
0.4848 0.5152 
-1 -1 
-1 -1 
0.4858 0.5142 
0.4846 0.5154 
0.4875 0.5125 
-1 -1 
-1 -1 
0.4871 0.5129 
0.4985 0.5015 
-1 -1 
-1 -1 
0.4944 0.5056 
0.4937 0.5063 
0.5430 0.4570 
0.5487 0.4513 
0.5425 0.4575 
-1 -1 
0.5506 0.4494 
0.5500 0.4500 
0.5359 0.4641 
0.5475 0.4525 
0.5429 0.4571 
0.5490 0.4510 
-1 -1 
0.5498 0.4502 
-1 -1 
0.4853 0.5147 
0.4966 0.5034 
-1 -1 
-1 -1 
-1 -1 
-1 -1 
-1 -1 
0.4882 0.5118 
0.5025 0.4975 
0.4908 0.5092 
-1 -1 
0.5019 0.4981 
-1 -1 
0.5017 0.4983 
-1 -1 
-1 -1 
-1 -1 
0.4972 0.5028 
0.4992 0.5008 
-1 -1 
0.4858 0.5142 
-1 -1 
0.4898 0.5102 
0.4689 0.5311 
0.4765 0.5235 
-1 -1 
-1 -1 
0.5047 0.4953 
-1 -1 
-1 -1 
0.5060 0.4940 
-1 -1 
0.4781 0.5219 
0.5112 0.4888 
-1 -1 
-1 -1 
-1 -1 
-1 -1 
0.4893 0.5107 
0.4917 0.5083 
0.4932 0.5068 
-1 -1 
0.5045 0.4955 
-1 -1 
-1 -1 
0.4815 0.5185 
-1 -1 
0.4929 0.5071 
0.4982 0.5018 
-1 -1 
0.4921 0.5079 
-1 -1 
0.5230 0.4770 
-1 -1 
-1 -1 
-1 -1 
0.5231 0.4769 
0.5183 0.4817 
0.5229 0.4771 
0.5176 0.4824 
-1 -1 
0.5235 0.4765 
0.5190 0.4810 
-1 -1 
0.4702 0.5298 
-1 -1 
-1 -1 
0.4954 0.5046 
-1 -1 
-1 -1 
0.4957 0.5043 
0.4987 0.5013 
0.4934 0.5066 
-1 -1 
0.4981 0.5019 
0.5027 0.4973 
-1 -1 
-1 -1 
-1 -1 
0.4909 0.5091 
-1 -1 
-1 -1 
-1 -1 
0.4916 0.5084 
0.4986 0.5014 
-1 -1 
0.4977 0.5023 
0.4994 0.5006 
0.4994 0.5006 
-1 -1 
0.4973 0.5027 
0.4955 0.5045 
0.4969 0.5031 
0.4927 0.5073 
0.4864 0.5136 
0.5042 0.4958 
0.5106 0.4894 
0.5044 0.4956 
-1 -1 
-1 -1 
0.5103 0.4897 
-1 -1 
0.4984 0.5016 
0.4972 0.5028 
-1 -1 
0.4990 0.5010 
-1 -1 
0.4863 0.5137 
-1 -1 
0.4929 0.5071 
-1 -1 
0.5038 0.4962 
-1 -1 
-1 -1 
-1 -1 
-1 -1 
0.4948 0.5052 
0.4936 0.5064 
0.4974 0.5026 
-1 -1 
-1 -1 
0.5024 0.4976 
-1 -1 
-1 -1 
-1 -1 
-1 -1 
-1 -1 
-1 -1 
-1 -1 
0.4961 0.5039 
-1 -1 
0.4914 0.5086 
0.4999 0.5001 
0.4988 0.5012 
-1 -1 
0.4953 0.5047 
-1 -1 
-1 -1 
-1 -1 
0.4990 0.5010 
0.4911 0.5089 
0.4931 0.5069 
-1 -1 
-1 -1 
0.4815 0.5185 
0.4952 0.5048 
0.4768 0.5232 
0.4814 0.5186 
-1 -1 
0.4985 0.5015 
0.4964 0.5036 
0.4953 0.5047 
0.5087 0.4913 
-1 -1 
-1 -1 
0.5106 0.4894 
0.5161 0.4839 
-1 -1 
-1 -1 
-1 -1 
-1 -1 
0.4932 0.5068 
0.5184 0.4816 
0.5157 0.4843 
0.5130 0.4870 
-1 -1 
0.4882 0.5118 
-1 -1 
0.4839 0.5161 
-1 -1 
-1 -1 
0.4944 0.5056 
0.4918 0.5082 
0.4732 0.5268 
-1 -1 
-1 -1 
0.4918 0.5082 
0.4859 0.5141 
0.4959 0.5041 
-1 -1 
-1 -1 
-1 -1 
-1 -1 
0.4920 0.5080 
-1 -1 
0.5004 0.4996 
-1 -1 
-1 -1 
-1 -1 
-1 -1 
-1 -1 
-1 -1 
-1 -1 
0.4958 0.5042 
-1 -1 
0.4985 0.5015 
-1 -1 
-1 -1 
0.4979 0.5021 
0.4933 0.5067 
-1 -1 
0.4968 0.5032 
-1 -1 
0.4971 0.5029 
-1 -1 
-1 -1 
0.4990 0.5010 
0.4987 0.5013 
-1 -1 
-1 -1 
-1 -1 
-1 -1 
0.4933 0.5067 
0.4994 0.5006 
0.5148 0.4852 
0.5043 0.4957 
-1 -1 
0.4932 0.5068 
0.5106 0.4894 
0.5079 0.4921 
-1 -1 
-1 -1 
-1 -1 
-1 -1 
-1 -1 
0.4997 0.5003 
-1 -1 
-1 -1 
0.4959 0.5041 
0.4988 0.5012 
-1 -1 
-1 -1 
0.4842 0.5158 
-1 -1 
-1 -1 
0.5226 0.4774 
-1 -1 
0.5266 0.4734 
-1 -1 
-1 -1 
-1 -1 
0.5159 0.4841 
0.5163 0.4837 
-1 -1 
0.5222 0.4778 
0.5232 0.4768 
-1 -1 
-1 -1 
-1 -1 
-1 -1 
-1 -1 
-1 -1 
0.4645 0.5355 
-1 -1 
0.5121 0.4879 
0.5081 0.4919 
0.5160 0.4840 
-1 -1 
0.5086 0.4914 
-1 -1 
0.5164 0.4836 
-1 -1 
0.5117 0.4883 
-1 -1 
0.4958 0.5042 
0.4983 0.5017 
-1 -1 
-1 -1 
0.4846 0.5154 
-1 -1 
0.4992 0.5008 
0.4967 0.5033 
0.4980 0.5020 
-1 -1 
0.5092 0.4908 
0.5171 0.4829 
-1 -1 
-1 -1 
0.4993 0.5007 
0.5127 0.4873 
0.5083 0.4917 
0.5011 0.4989 
0.5204 0.4796 
0.5176 0.4824 
0.5209 0.4791 
0.5197 0.4803 
-1 -1 
-1 -1 
-1 -1 
-1 -1 
0.4990 0.5010 
-1 -1 
-1 -1 
0.5052 0.4948 
-1 -1 
-1 -1 
0.4964 0.5036 
0.4942 0.5058 
0.4905 0.5095 
0.4940 0.5060 
0.4948 0.5052 
0.5032 0.4968 
-1 -1 
0.5013 0.4987 
-1 -1 
-1 -1 
0.4936 0.5064 
0.4952 0.5048 
0.4966 0.5034 
0.4989 0.5011 
-1 -1 
0.5002 0.4998 
0.5006 0.4994 
-1 -1 
-1 -1 
0.4949 0.5051 
0.4987 0.5013 
-1 -1 
0.4878 0.5122 
-1 -1 
0.4814 0.5186 
0.4995 0.5005 
0.4750 0.5250 
-1 -1 
0.4891 0.5109 
-1 -1 
-1 -1 
-1 -1 
-1 -1 
-1 -1 
-1 -1 
-1 -1 
-1 -1 
0.4946 0.5054 
0.4881 0.5119 
-1 -1 
0.4794 0.5206 
-1 -1 
0.5048 0.4952 
-1 -1 
-1 -1 
-1 -1 
0.4505 0.5495 
0.4746 0.5254 
0.4979 0.5021 
0.4979 0.5021 
-1 -1 
-1 -1 
0.4992 0.5008 
-1 -1 
-1 -1 
-1 -1 
0.4938 0.5062 
-1 -1 
-1 -1 
-1 -1 
-1 -1 
-1 -1 
-1 -1 
-1 -1 
0.4991 0.5009 
0.5046 0.4954 
-1 -1 
0.5025 0.4975 
0.5052 0.4948 
-1 -1 
0.4934 0.5066 
-1 -1 
-1 -1 
-1 -1 
-1 -1 
-1 -1 
-1 -1 
-1 -1 
-1 -1 
0.5007 0.4993 
-1 -1 
0.5026 0.4974 
-1 -1 
-1 -1 
-1 -1 
0.5002 0.4998 
0.5106 0.4894 
-1 -1 
-1 -1 
0.5075 0.4925 
0.4793 0.5207 
-1 -1 
0.4962 0.5038 
-1 -1 
0.4985 0.5015 
0.4927 0.5073 
0.5041 0.4959 
0.5038 0.4962 
0.5050 0.4950 
-1 -1 
-1 -1 
-1 -1 
0.4955 0.5045 
0.4842 0.5158 
-1 -1 
0.4993 0.5007 
-1 -1 
-1 -1 
-1 -1 
-1 -1 
0.5034 0.4966 
-1 -1 
0.4785 0.5215 
0.4828 0.5172 
-1 -1 
-1 -1 
0.5103 0.4897 
-1 -1 
0.5061 0.4939 
-1 -1 
0.5011 0.4989 
-1 -1 
-1 -1 
-1 -1 
-1 -1 
-1 -1 
0.4993 0.5007 
-1 -1 
-1 -1 
0.4996 0.5004 
-1 -1 
0.5001 0.4999 
0.4696 0.5304 
0.4987 0.5013 
-1 -1 
0.4884 0.5116 
0.4914 0.5086 
0.4826 0.5174 
-1 -1 
0.4859 0.5141 
-1 -1 
0.5136 0.4864 
0.5157 0.4843 
0.5115 0.4885 
-1 -1 
-1 -1 
0.5097 0.4903 
-1 -1 
-1 -1 
-1 -1 
-1 -1 
-1 -1 
-1 -1 
0.4689 0.5311 
0.4899 0.5101 
-1 -1 
-1 -1 
0.5006 0.4994 
-1 -1 
-1 -1 
0.4911 0.5089 
0.4982 0.5018 
-1 -1 
-1 -1 
-1 -1 
-1 -1 
-1 -1 
0.4992 0.5008 
0.4981 0.5019 
-1 -1 
0.4928 0.5072 
0.4949 0.5051 
0.4781 0.5219 
0.4968 0.5032 
0.4881 0.5119 
0.4445 0.5555 
0.4879 0.5121 
-1 -1 
0.4936 0.5064 
0.4953 0.5047 
-1 -1 
0.4992 0.5008 
0.4961 0.5039 
0.4982 0.5018 
0.4848 0.5152 
0.4948 0.5052 
0.4919 0.5081 
0.4952 0.5048 
-1 -1 
0.4830 0.5170 
-1 -1 
-1 -1 
-1 -1 
-1 -1 
0.4981 0.5019 
-1 -1 
0.5125 0.4875 
0.5090 0.4910 
-1 -1 
-1 -1 
0.5117 0.4883 
0.5056 0.4944 
-1 -1 
0.5084 0.4916 
0.4980 0.5020 
-1 -1 
0.5034 0.4966 
-1 -1 
0.5072 0.4928 
0.5039 0.4961 
0.4903 0.5097 
0.4979 0.5021 
-1 -1 
0.4967 0.5033 
-1 -1 
0.5001 0.4999 
-1 -1 
-1 -1 
0.4953 0.5047 
0.4981 0.5019 
-1 -1 
-1 -1 
-1 -1 
0.5014 0.4986 
0.5014 0.4986 
-1 -1 
-1 -1 
-1 -1 
-1 -1 
0.4989 0.5011 
-1 -1 
-1 -1 
-1 -1 
0.4987 0.5013 
-1 -1 
0.4821 0.5179 
-1 -1 
-1 -1 
0.4492 0.5508 
-1 -1 
0.4995 0.5005 
-1 -1 
-1 -1 
-1 -1 
-1 -1 
-1 -1 
-1 -1 
-1 -1 
-1 -1 
0.4916 0.5084 
0.4890 0.5110 
0.4751 0.5249 
0.4854 0.5146 
0.4815 0.5185 
0.4911 0.5089 
0.4991 0.5009 
0.4981 0.5019 
-1 -1 
0.4917 0.5083 
-1 -1 
-1 -1 
0.4966 0.5034 
-1 -1 
0.5070 0.4930 
0.5086 0.4914 
-1 -1 
0.5099 0.4901 
-1 -1 
-1 -1 
-1 -1 
-1 -1 
0.5054 0.4946 
0.5094 0.4906 
-1 -1 
0.4939 0.5061 
-1 -1 
0.5019 0.4981 
0.5046 0.4954 
-1 -1 
0.4980 0.5020 
0.5038 0.4962 
-1 -1 
0.4848 0.5152 
0.4955 0.5045 
-1 -1 
-1 -1 
-1 -1 
0.5383 0.4617 
-1 -1 
0.4349 0.5651 
0.4963 0.5037 
0.5071 0.4929 
0.5087 0.4913 
-1 -1 
-1 -1 
0.5012 0.4988 
-1 -1 
-1 -1 
0.4995 0.5005 
-1 -1 
0.4972 0.5028 
0.4636 0.5364 
-1 -1 
-1 -1 
-1 -1 
-1 -1 
-1 -1 
-1 -1 
0.4983 0.5017 
-1 -1 
0.4978 0.5022 
-1 -1 
0.4982 0.5018 
0.4990 0.5010 
-1 -1 
0.5058 0.4942 
0.5121 0.4879 
-1 -1 
0.5115 0.4885 
0.5006 0.4994 
-1 -1 
-1 -1 
0.4983 0.5017 
-1 -1 
-1 -1 
0.4721 0.5279 
-1 -1 
-1 -1 
0.4726 0.5274 
-1 -1 
-1 -1 
-1 -1 
0.4932 0.5068 
-1 -1 
-1 -1 
-1 -1 
0.4928 0.5072 
-1 -1 
0.4934 0.5066 
0.4803 0.5197 
0.4994 0.5006 
0.4931 0.5069 
0.4945 0.5055 
0.4845 0.5155 
-1 -1 
0.4968 0.5032 
-1 -1 
-1 -1 
0.5179 0.4821 
-1 -1 
0.5165 0.4835 
-1 -1 
-1 -1 
0.5183 0.4817 
-1 -1 
-1 -1 
0.4989 0.5011 
0.5040 0.4960 
-1 -1 
-1 -1 
-1 -1 
-1 -1 
-1 -1 
-1 -1 
0.5004 0.4996 
0.4780 0.5220 
-1 -1 
-1 -1 
-1 -1 
0.4910 0.5090 
-1 -1 
-1 -1 
-1 -1 
0.5061 0.4939 
0.5054 0.4946 
-1 -1 
-1 -1 
-1 -1 
-1 -1 
-1 -1 
0.5120 0.4880 
0.5009 0.4991 
-1 -1 
-1 -1 
-1 -1 
-1 -1 
-1 -1 
0.4903 0.5097 
0.4966 0.5034 
0.5013 0.4987 
-1 -1 
0.4861 0.5139 
-1 -1 
0.4877 0.5123 
-1 -1 
-1 -1 
0.5107 0.4893 
-1 -1 
0.5113 0.4887 
-1 -1 
-1 -1 
-1 -1 
-1 -1 
-1 -1 
-1 -1 
0.4991 0.5009 
-1 -1 
-1 -1 
0.4979 0.5021 
-1 -1 
-1 -1 
0.4930 0.5070 
0.4659 0.5341 
0.4975 0.5025 
0.5027 0.4973 
-1 -1 
-1 -1 
-1 -1 
-1 -1 
0.4955 0.5045 
0.4929 0.5071 
-1 -1 
-1 -1 
-1 -1 
0.4873 0.5127 
-1 -1 
0.4905 0.5095 
-1 -1 
-1 -1 
-1 -1 
-1 -1 
-1 -1 
-1 -1 
0.4942 0.5058 
-1 -1 
-1 -1 
-1 -1 
-1 -1 
-1 -1 
-1 -1 
0.5245 0.4755 
-1 -1 
0.5249 0.4751 
-1 -1 
-1 -1 
0.5271 0.4729 
0.5233 0.4767 
-1 -1 
0.5263 0.4737 
0.5282 0.4718 
0.5142 0.4858 
-1 -1 
0.5248 0.4752 
0.4996 0.5004 
-1 -1 
-1 -1 
0.5002 0.4998 
0.5002 0.4998 
-1 -1 
0.4991 0.5009 
0.4980 0.5020 
0.4992 0.5008 
-1 -1 
0.4939 0.5061 
-1 -1 
-1 -1 
-1 -1 
-1 -1 
0.4939 0.5061 
-1 -1 
0.4944 0.5056 
0.4972 0.5028 
0.4969 0.5031 
-1 -1 
0.4924 0.5076 
-1 -1 
-1 -1 
0.5026 0.4974 
-1 -1 
-1 -1 
0.4921 0.5079 
0.4987 0.5013 
-1 -1 
-1 -1 
-1 -1 
0.4824 0.5176 
-1 -1 
-1 -1 
0.5390 0.4610 
-1 -1 
-1 -1 
0.5317 0.4683 
-1 -1 
0.5342 0.4658 
-1 -1 
-1 -1 
-1 -1 
0.5270 0.4730 
0.5360 0.4640 
0.5325 0.4675 
-1 -1 
0.5377 0.4623 
-1 -1 
0.5284 0.4716 
0.5320 0.4680 
0.5219 0.4781 
-1 -1 
0.5349 0.4651 
-1 -1 
0.4854 0.5146 
0.4942 0.5058 
0.4984 0.5016 
0.5149 0.4851 
0.5180 0.4820 
0.5220 0.4780 
-1 -1 
0.5329 0.4671 
-1 -1 
-1 -1 
0.5263 0.4737 
-1 -1 
0.5324 0.4676 
0.5169 0.4831 
-1 -1 
-1 -1 
-1 -1 
0.5327 0.4673 
0.5290 0.4710 
-1 -1 
0.4988 0.5012 
-1 -1 
0.4986 0.5014 
0.4983 0.5017 
0.4792 0.5208 
0.4922 0.5078 
-1 -1 
0.4926 0.5074 
-1 -1 
0.4957 0.5043 
-1 -1 
-1 -1 
0.4949 0.5051 
0.4879 0.5121 
0.4979 0.5021 
-1 -1 
-1 -1 
-1 -1 
-1 -1 
0.5043 0.4957 
0.5042 0.4958 
-1 -1 
0.4970 0.5030 
-1 -1 
0.4810 0.5190 
-1 -1 
0.4985 0.5015 
-1 -1 
-1 -1 
-1 -1 
0.4904 0.5096 
0.4934 0.5066 
0.5021 0.4979 
0.4881 0.5119 
0.4972 0.5028 
-1 -1 
-1 -1 
0.4991 0.5009 
0.4922 0.5078 
0.4950 0.5050 
-1 -1 
0.4949 0.5051 
0.4862 0.5138 
0.4880 0.5120 
-1 -1 
-1 -1 
0.5010 0.4990 
0.5061 0.4939 
-1 -1 
-1 -1 
0.5104 0.4896 
-1 -1 
0.4983 0.5017 
-1 -1 
0.5009 0.4991 
0.4995 0.5005 
0.4995 0.5005 
-1 -1 
0.5096 0.4904 
-1 -1 
-1 -1 
0.5157 0.4843 
0.5099 0.4901 
-1 -1 
0.5159 0.4841 
0.5138 0.4862 
-1 -1 
0.5065 0.4935 
0.5064 0.4936 
0.4987 0.5013 
-1 -1 
-1 -1 
-1 -1 
-1 -1 
-1 -1 
0.5008 0.4992 
0.4858 0.5142 
-1 -1 
0.4863 0.5137 
0.4922 0.5078 
-1 -1 
0.4969 0.5031 
-1 -1 
0.4758 0.5242 
-1 -1 
-1 -1 
-1 -1 
0.5017 0.4983 
0.4852 0.5148 
0.4988 0.5012 
-1 -1 
0.4984 0.5016 
-1 -1 
-1 -1 
0.4970 0.5030 
0.4947 0.5053 
-1 -1 
-1 -1 
-1 -1 
-1 -1 
-1 -1 
-1 -1 
0.5005 0.4995 
0.4849 0.5151 
-1 -1 
-1 -1 
0.4814 0.5186 
-1 -1 
0.4899 0.5101 
-1 -1 
-1 -1 
-1 -1 
0.5059 0.4941 
-1 -1 
-1 -1 
0.5058 0.4942 
-1 -1 
-1 -1 
-1 -1 
-1 -1 
0.4910 0.5090 
-1 -1 
-1 -1 
0.4863 0.5137 
-1 -1 
0.5050 0.4950 
0.4952 0.5048 
-1 -1 
-1 -1 
-1 -1 
0.4950 0.5050 
0.4390 0.5610 
0.4734 0.5266 
0.4666 0.5334 
0.4968 0.5032 
0.4802 0.5198 
0.5027 0.4973 
0.5028 0.4972 
0.5091 0.4909 
0.5067 0.4933 
-1 -1 
0.5099 0.4901 
0.4969 0.5031 
0.4873 0.5127 
0.4917 0.5083 
-1 -1 
0.4615 0.5385 
-1 -1 
0.4898 0.5102 
0.4855 0.5145 
-1 -1 
0.5028 0.4972 
0.5043 0.4957 
0.5054 0.4946 
0.4980 0.5020 
0.4977 0.5023 
0.4894 0.5106 
0.4928 0.5072 
-1 -1 
0.4878 0.5122 
0.4996 0.5004 
-1 -1 
-1 -1 
0.4883 0.5117 
-1 -1 
-1 -1 
-1 -1 
0.5023 0.4977 
0.4979 0.5021 
-1 -1 
0.5043 0.4957 
0.5018 0.4982 
-1 -1 
0.5018 0.4982 
-1 -1 
-1 -1 
0.4934 0.5066 
-1 -1 
0.4939 0.5061 
0.4987 0.5013 
0.4700 0.5300 
-1 -1 
0.5015 0.4985 
-1 -1 
-1 -1 
-1 -1 
-1 -1 
0.4994 0.5006 
0.4945 0.5055 
-1 -1 
-1 -1 
-1 -1 
0.4943 0.5057 
-1 -1 
0.4875 0.5125 
-1 -1 
-1 -1 
-1 -1 
0.4879 0.5121 
0.4935 0.5065 
-1 -1 
0.4953 0.5047 
0.4972 0.5028 
-1 -1 
-1 -1 
-1 -1 
0.4715 0.5285 
0.4805 0.5195 
0.4981 0.5019 
-1 -1 
0.4912 0.5088 
-1 -1 
0.4953 0.5047 
-1 -1 
-1 -1 
-1 -1 
-1 -1 
0.4914 0.5086 
-1 -1 
0.4881 0.5119 
-1 -1 
-1 -1 
-1 -1 
-1 -1 
0.5030 0.4970 
0.5034 0.4966 
0.5021 0.4979 
-1 -1 
-1 -1 
-1 -1 
0.5047 0.4953 
0.4878 0.5122 
0.4898 0.5102 
-1 -1 
-1 -1 
0.4997 0.5003 
-1 -1 
0.4790 0.5210 
-1 -1 
0.5043 0.4957 
0.5032 0.4968 
0.5481 0.4519 
-1 -1 
-1 -1 
-1 -1 
0.5432 0.4568 
0.5432 0.4568 
0.5490 0.4510 
-1 -1 
0.5468 0.4532 
-1 -1 
-1 -1 
0.5454 0.4546 
0.5464 0.4536 
-1 -1 
-1 -1 
-1 -1 
0.5408 0.4592 
0.5465 0.4535 
0.5436 0.4564 
0.5462 0.4538 
0.5346 0.4654 
0.5450 0.4550 
-1 -1 
0.5484 0.4516 
0.5473 0.4527 
0.4989 0.5011 
-1 -1 
-1 -1 
-1 -1 
-1 -1 
-1 -1 
0.4967 0.5033 
-1 -1 
-1 -1 
0.4900 0.5100 
-1 -1 
0.5018 0.4982 
0.4973 0.5027 
-1 -1 
-1 -1 
0.5009 0.4991 
-1 -1 
-1 -1 
0.5058 0.4942 
-1 -1 
-1 -1 
-1 -1 
-1 -1 
-1 -1 
0.5039 0.4961 
-1 -1 
-1 -1 
-1 -1 
-1 -1 
-1 -1 
-1 -1 
-1 -1 
0.5060 0.4940 
0.4989 0.5011 
0.5001 0.4999 
0.4967 0.5033 
-1 -1 
0.4930 0.5070 
-1 -1 
-1 -1 
-1 -1 
0.5040 0.4960 
-1 -1 
-1 -1 
0.5032 0.4968 
0.5074 0.4926 
-1 -1 
-1 -1 
0.4954 0.5046 
-1 -1 
0.4981 0.5019 
-1 -1 
0.4978 0.5022 
0.4982 0.5018 
0.4984 0.5016 
-1 -1 
0.4853 0.5147 
-1 -1 
-1 -1 
0.4948 0.5052 
0.4939 0.5061 
0.5005 0.4995 
0.4994 0.5006 
-1 -1 
-1 -1 
-1 -1 
0.4994 0.5006 
0.4994 0.5006 
0.4795 0.5205 
0.4959 0.5041 
0.4911 0.5089 
-1 -1 
0.4976 0.5024 
-1 -1 
0.4992 0.5008 
-1 -1 
0.4986 0.5014 
-1 -1 
-1 -1 
-1 -1 
0.5037 0.4963 
-1 -1 
0.5016 0.4984 
0.5008 0.4992 
-1 -1 
0.5008 0.4992 
0.4984 0.5016 
-1 -1 
-1 -1 
0.5015 0.4985 
-1 -1 
0.4921 0.5079 
-1 -1 
-1 -1 
0.5095 0.4905 
-1 -1 
-1 -1 
-1 -1 
-1 -1 
0.5017 0.4983 
0.5052 0.4948 
0.5017 0.4983 
-1 -1 
0.4982 0.5018 
-1 -1 
-1 -1 
0.4973 0.5027 
-1 -1 
0.4889 0.5111 
-1 -1 
0.4987 0.5013 
-1 -1 
0.4990 0.5010 
-1 -1 
0.4907 0.5093 
0.5051 0.4949 
-1 -1 
0.5066 0.4934 
0.5083 0.4917 
-1 -1 
0.5095 0.4905 
-1 -1 
0.4958 0.5042 
0.4882 0.5118 
-1 -1 
0.5002 0.4998 
0.4976 0.5024 
0.4892 0.5108 
-1 -1 
-1 -1 
-1 -1 
-1 -1 
-1 -1 
-1 -1 
-1 -1 
-1 -1 
-1 -1 
0.5064 0.4936 
-1 -1 
-1 -1 
0.5105 0.4895 
-1 -1 
0.5043 0.4957 
-1 -1 
-1 -1 
-1 -1 
0.5075 0.4925 
0.4775 0.5225 
0.4905 0.5095 
-1 -1 
0.5040 0.4960 
-1 -1 
0.5026 0.4974 
0.4999 0.5001 
-1 -1 
-1 -1 
0.4955 0.5045 
0.4989 0.5011 
-1 -1 
-1 -1 
-1 -1 
0.5005 0.4995 
0.4992 0.5008 
0.4997 0.5003 
0.4779 0.5221 
0.4972 0.5028 
0.4917 0.5083 
0.4982 0.5018 
-1 -1 
-1 -1 
-1 -1 
0.4785 0.5215 
-1 -1 
-1 -1 
0.4862 0.5138 
-1 -1 
0.4990 0.5010 
0.4885 0.5115 
0.4896 0.5104 
0.4949 0.5051 
0.5223 0.4777 
-1 -1 
-1 -1 
-1 -1 
-1 -1 
-1 -1 
-1 -1 
0.5179 0.4821 
-1 -1 
0.5182 0.4818 
-1 -1 
-1 -1 
-1 -1 
0.5092 0.4908 
-1 -1 
-1 -1 
-1 -1 
-1 -1 
0.5191 0.4809 
0.5226 0.4774 
0.5200 0.4800 
0.5178 0.4822 
-1 -1 
-1 -1 
0.5182 0.4818 
-1 -1 
-1 -1 
0.4948 0.5052 
0.4949 0.5051 
0.4935 0.5065 
0.4812 0.5188 
-1 -1 
0.4950 0.5050 
0.4941 0.5059 
0.5248 0.4752 
0.4962 0.5038 
0.4888 0.5112 
0.4950 0.5050 
0.4987 0.5013 
0.4981 0.5019 
0.4834 0.5166 
0.4978 0.5022 
-1 -1 
-1 -1 
0.4968 0.5032 
-1 -1 
0.4955 0.5045 
0.4972 0.5028 
-1 -1 
-1 -1 
-1 -1 
0.5064 0.4936 
0.5009 0.4991 
0.5021 0.4979 
-1 -1 
-1 -1 
0.5008 0.4992 
-1 -1 
-1 -1 
-1 -1 
0.4986 0.5014 
0.4924 0.5076 
-1 -1 
-1 -1 
-1 -1 
0.5064 0.4936 
0.5035 0.4965 
-1 -1 
-1 -1 
-1 -1 
-1 -1 
0.4967 0.5033 
-1 -1 
-1 -1 
0.5034 0.4966 
-1 -1 
0.4865 0.5135 
0.4901 0.5099 
-1 -1 
0.4956 0.5044 
0.4970 0.5030 
0.4835 0.5165 
-1 -1 
0.4937 0.5063 
0.4980 0.5020 
-1 -1 
0.4907 0.5093 
0.4874 0.5126 
0.4894 0.5106 
0.4861 0.5139 
0.5009 0.4991 
-1 -1 
-1 -1 
-1 -1 
-1 -1 
-1 -1 
-1 -1 
0.4918 0.5082 
-1 -1 
-1 -1 
-1 -1 
0.5021 0.4979 
-1 -1 
-1 -1 
-1 -1 
-1 -1 
0.4980 0.5020 
-1 -1 
-1 -1 
0.4962 0.5038 
-1 -1 
-1 -1 
0.4943 0.5057 
0.4969 0.5031 
-1 -1 
-1 -1 
-1 -1 
-1 -1 
0.5041 0.4959 
0.5000 0.5000 
0.5046 0.4954 
-1 -1 
-1 -1 
0.4884 0.5116 
-1 -1 
-1 -1 
-1 -1 
0.5153 0.4847 
-1 -1 
0.4919 0.5081 
-1 -1 
-1 -1 
-1 -1 
-1 -1 
-1 -1 
0.5013 0.4987 
0.4969 0.5031 
0.5004 0.4996 
0.5004 0.4996 
0.4713 0.5287 
0.5053 0.4947 
0.5048 0.4952 
-1 -1 
-1 -1 
0.4807 0.5193 
-1 -1 
-1 -1 
-1 -1 
0.4832 0.5168 
-1 -1 
0.4964 0.5036 
0.4818 0.5182 
-1 -1 
0.4896 0.5104 
0.4714 0.5286 
0.4990 0.5010 
-1 -1 
0.4860 0.5140 
-1 -1 
0.4937 0.5063 
0.5054 0.4946 
0.5039 0.4961 
-1 -1 
-1 -1 
-1 -1 
-1 -1 
0.5074 0.4926 
0.5084 0.4916 
-1 -1 
-1 -1 
-1 -1 
0.4844 0.5156 
-1 -1 
0.4906 0.5094 
-1 -1 
0.4918 0.5082 
0.4981 0.5019 
-1 -1 
0.4990 0.5010 
-1 -1 
-1 -1 
-1 -1 
0.5035 0.4965 
-1 -1 
-1 -1 
0.4970 0.5030 
0.5000 0.5000 
0.5000 0.5000 
-1 -1 
0.4946 0.5054 
0.4869 0.5131 
0.4935 0.5065 
0.4885 0.5115 
0.4970 0.5030 
0.4861 0.5139 
-1 -1 
0.4985 0.5015 
0.5031 0.4969 
-1 -1 
0.5004 0.4996 
0.5044 0.4956 
0.4917 0.5083 
0.4879 0.5121 
0.5081 0.4919 
-1 -1 
-1 -1 
0.5041 0.4959 
0.5075 0.4925 
0.4888 0.5112 
0.4970 0.5030 
0.5228 0.4772 
0.5154 0.4846 
-1 -1 
0.5213 0.4787 
0.5231 0.4769 
-1 -1 
-1 -1 
-1 -1 
-1 -1 
0.5195 0.4805 
0.5126 0.4874 
-1 -1 
-1 -1 
0.4973 0.5027 
-1 -1 
-1 -1 
-1 -1 
-1 -1 
-1 -1 
0.4943 0.5057 
-1 -1 
0.4991 0.5009 
0.4934 0.5066 
-1 -1 
0.5138 0.4862 
0.5201 0.4799 
0.5173 0.4827 
-1 -1 
-1 -1 
0.5169 0.4831 
0.5162 0.4838 
0.5182 0.4818 
-1 -1 
-1 -1 
-1 -1 
0.4975 0.5025 
0.4981 0.5019 
-1 -1 
0.4785 0.5215 
0.4888 0.5112 
-1 -1 
0.4973 0.5027 
0.5036 0.4964 
-1 -1 
0.4971 0.5029 
0.4911 0.5089 
-1 -1 
-1 -1 
0.4963 0.5037 
-1 -1 
-1 -1 
-1 -1 
0.4889 0.5111 
-1 -1 
-1 -1 
0.4966 0.5034 
-1 -1 
0.5042 0.4958 
-1 -1 
0.5068 0.4932 
-1 -1 
-1 -1 
0.5036 0.4964 
-1 -1 
-1 -1 
-1 -1 
-1 -1 
-1 -1 
0.5034 0.4966 
0.5010 0.4990 
0.4853 0.5147 
0.5068 0.4932 
0.5076 0.4924 
0.5068 0.4932 
-1 -1 
0.4856 0.5144 
-1 -1 
-1 -1 
0.4962 0.5038 
-1 -1 
0.4989 0.5011 
0.5002 0.4998 
-1 -1 
-1 -1 
0.4952 0.5048 
0.4978 0.5022 
0.5024 0.4976 
-1 -1 
0.5021 0.4979 
-1 -1 
-1 -1 
-1 -1 
-1 -1 
-1 -1 
0.4898 0.5102 
-1 -1 
-1 -1 
-1 -1 
0.4985 0.5015 
0.4943 0.5057 
0.4953 0.5047 
0.5005 0.4995 
-1 -1 
0.4966 0.5034 
0.4986 0.5014 
0.4950 0.5050 
0.4983 0.5017 
0.4928 0.5072 
0.5009 0.4991 
0.4900 0.5100 
0.4961 0.5039 
-1 -1 
-1 -1 
0.5009 0.4991 
-1 -1 
-1 -1 
0.5046 0.4954 
-1 -1 
0.4857 0.5143 
0.5046 0.4954 
-1 -1 
-1 -1 
-1 -1 
0.5151 0.4849 
0.5143 0.4857 
0.5140 0.4860 
0.5114 0.4886 
-1 -1 
0.5173 0.4827 
0.5188 0.4812 
0.5067 0.4933 
0.4939 0.5061 
0.4956 0.5044 
0.4940 0.5060 
0.4908 0.5092 
-1 -1 
-1 -1 
-1 -1 
0.4764 0.5236 
-1 -1 
-1 -1 
0.4824 0.5176 
0.4980 0.5020 
-1 -1 
0.4989 0.5011 
0.4976 0.5024 
0.4945 0.5055 
0.4973 0.5027 
-1 -1 
-1 -1 
0.4936 0.5064 
0.4970 0.5030 
0.5042 0.4958 
0.5031 0.4969 
-1 -1 
-1 -1 
-1 -1 
-1 -1 
0.4913 0.5087 
-1 -1 
-1 -1 
-1 -1 
0.4999 0.5001 
-1 -1 
-1 -1 
-1 -1 
0.4987 0.5013 
0.4976 0.5024 
-1 -1 
0.5159 0.4841 
-1 -1 
-1 -1 
0.5158 0.4842 
0.5185 0.4815 
-1 -1 
0.5132 0.4868 
0.5159 0.4841 
0.5146 0.4854 
-1 -1 
0.5080 0.4920 
0.5010 0.4990 
-1 -1 
0.4965 0.5035 
0.5020 0.4980 
0.5053 0.4947 
0.5057 0.4943 
-1 -1 
-1 -1 
-1 -1 
0.4718 0.5282 
0.4999 0.5001 
-1 -1 
0.5001 0.4999 
0.4983 0.5017 
0.4983 0.5017 
0.4968 0.5032 
0.4887 0.5113 
0.4950 0.5050 
-1 -1 
0.5051 0.4949 
-1 -1 
0.5033 0.4967 
-1 -1 
-1 -1 
0.5031 0.4969 
0.5052 0.4948 
0.4985 0.5015 
0.5022 0.4978 
-1 -1 
-1 -1 
-1 -1 
-1 -1 
-1 -1 
0.5024 0.4976 
0.4984 0.5016 
-1 -1 
-1 -1 
-1 -1 
-1 -1 
0.4926 0.5074 
0.5029 0.4971 
-1 -1 
-1 -1 
0.4560 0.5440 
0.4940 0.5060 
0.4937 0.5063 
-1 -1 
0.4833 0.5167 
-1 -1 
0.4864 0.5136 
0.4838 0.5162 
0.4937 0.5063 
0.5106 0.4894 
0.5197 0.4803 
-1 -1 
0.5073 0.4927 
0.5168 0.4832 
-1 -1 
0.5153 0.4847 
0.5137 0.4863 
-1 -1 
0.5195 0.4805 
-1 -1 
0.5008 0.4992 
0.4953 0.5047 
-1 -1 
0.4960 0.5040 
-1 -1 
-1 -1 
-1 -1 
-1 -1 
0.4672 0.5328 
0.5003 0.4997 
-1 -1 
0.5011 0.4989 
-1 -1 
0.4950 0.5050 
0.4922 0.5078 
0.5004 0.4996 
-1 -1 
-1 -1 
0.4969 0.5031 
-1 -1 
0.5020 0.4980 
-1 -1 
0.4961 0.5039 
-1 -1 
-1 -1 
0.4914 0.5086 
-1 -1 
0.4912 0.5088 
0.4983 0.5017 
-1 -1 
0.4978 0.5022 
0.4944 0.5056 
0.4957 0.5043 
0.4961 0.5039 
-1 -1 
0.4967 0.5033 
-1 -1 
0.5025 0.4975 
-1 -1 
0.4989 0.5011 
0.4981 0.5019 
0.4981 0.5019 
-1 -1 
0.5092 0.4908 
0.5033 0.4967 
0.5093 0.4907 
-1 -1 
-1 -1 
0.4911 0.5089 
-1 -1 
-1 -1 
0.4976 0.5024 
0.5078 0.4922 
-1 -1 
0.4937 0.5063 
0.5032 0.4968 
0.4937 0.5063 
-1 -1 
-1 -1 
0.4778 0.5222 
-1 -1 
-1 -1 
0.4958 0.5042 
-1 -1 
0.4933 0.5067 
-1 -1 
-1 -1 
0.4860 0.5140 
0.4643 0.5357 
0.4736 0.5264 
0.4711 0.5289 
0.4855 0.5145 
0.4619 0.5381 
-1 -1 
-1 -1 
-1 -1 
0.4979 0.5021 
-1 -1 
-1 -1 
0.5096 0.4904 
0.5128 0.4872 
0.4975 0.5025 
0.5158 0.4842 
-1 -1 
-1 -1 
0.5114 0.4886 
-1 -1 
0.4925 0.5075 
0.4870 0.5130 
0.4988 0.5012 
-1 -1 
0.4905 0.5095 
-1 -1 
0.4802 0.5198 
-1 -1 
0.4953 0.5047 
0.4852 0.5148 
0.4869 0.5131 
-1 -1 
0.4779 0.5221 
-1 -1 
-1 -1 
0.4931 0.5069 
-1 -1 
0.4990 0.5010 
0.4908 0.5092 
-1 -1 
-1 -1 
-1 -1 
0.4929 0.5071 
0.4900 0.5100 
0.5019 0.4981 
-1 -1 
0.4986 0.5014 
0.5037 0.4963 
0.4893 0.5107 
0.4900 0.5100 
-1 -1 
-1 -1 
0.4918 0.5082 
-1 -1 
-1 -1 
-1 -1 
-1 -1 
-1 -1 
-1 -1 
-1 -1 
0.4745 0.5255 
0.5015 0.4985 
0.4864 0.5136 
0.4943 0.5057 
0.4982 0.5018 
-1 -1 
0.4708 0.5292 
0.4905 0.5095 
-1 -1 
-1 -1 
-1 -1 
-1 -1 
0.4867 0.5133 
0.4824 0.5176 
0.4469 0.5531 
-1 -1 
-1 -1 
-1 -1 
0.4924 0.5076 
-1 -1 
-1 -1 
-1 -1 
0.4961 0.5039 
-1 -1 
-1 -1 
0.4878 0.5122 
-1 -1 
-1 -1 
0.4888 0.5112 
-1 -1 
0.4957 0.5043 
-1 -1 
0.4946 0.5054 
-1 -1 
-1 -1 
-1 -1 
0.4739 0.5261 
-1 -1 
-1 -1 
0.4776 0.5224 
-1 -1 
-1 -1 
-1 -1 
0.4036 0.5964 
-1 -1 
0.4090 0.5910 
-1 -1 
-1 -1 
0.4029 0.5971 
-1 -1 
0.4045 0.5955 
0.4031 0.5969 
-1 -1 
0.4204 0.5796 
0.4026 0.5974 
-1 -1 
0.4035 0.5965 
0.4026 0.5974 
0.4456 0.5544 
-1 -1 
-1 -1 
-1 -1 
0.4027 0.5973 
-1 -1 
-1 -1 
0.4029 0.5971 
-1 -1 
-1 -1 
-1 -1 
0.4034 0.5966 
0.4049 0.5951 
0.4777 0.5223 
-1 -1 
-1 -1 
0.4750 0.5250 
0.5174 0.4826 
0.4731 0.5269 
0.4771 0.5229 
0.4916 0.5084 
-1 -1 
-1 -1 
-1 -1 
0.4610 0.5390 
-1 -1 
0.4626 0.5374 
0.4595 0.5405 
-1 -1 
-1 -1 
-1 -1 
-1 -1 
0.4613 0.5387 
-1 -1 
-1 -1 
-1 -1 
0.4885 0.5115 
-1 -1 
-1 -1 
-1 -1 
0.4772 0.5228 
0.4793 0.5207 
0.4770 0.5230 
-1 -1 
-1 -1 
0.4838 0.5162 
-1 -1 
-1 -1 
-1 -1 
-1 -1 
0.4900 0.5100 
0.4895 0.5105 
-1 -1 
-1 -1 
-1 -1 
0.4740 0.5260 
0.4739 0.5261 
-1 -1 
0.4742 0.5258 
0.4872 0.5128 
-1 -1 
-1 -1 
-1 -1 
-1 -1 
0.4968 0.5032 
-1 -1 
0.4941 0.5059 
-1 -1 
0.4930 0.5070 
0.4925 0.5075 
0.4934 0.5066 
0.4922 0.5078 
0.4937 0.5063 
-1 -1 
-1 -1 
-1 -1 
0.4966 0.5034 
-1 -1 
0.4895 0.5105 
-1 -1 
0.4930 0.5070 
0.4941 0.5059 
-1 -1 
0.4862 0.5138 
-1 -1 
0.4978 0.5022 
0.4782 0.5218 
0.4809 0.5191 
0.4793 0.5207 
0.4788 0.5212 
0.4795 0.5205 
0.4956 0.5044 
0.4908 0.5092 
-1 -1 
0.4950 0.5050 
0.4892 0.5108 
0.4878 0.5122 
0.4746 0.5254 
-1 -1 
-1 -1 
-1 -1 
-1 -1 
-1 -1 
-1 -1 
0.4490 0.5510 
-1 -1 
-1 -1 
0.4740 0.5260 
0.4465 0.5535 
0.4496 0.5504 
-1 -1 
-1 -1 
-1 -1 
-1 -1 
0.4703 0.5297 
0.4709 0.5291 
0.4701 0.5299 
-1 -1 
0.3921 0.6079 
-1 -1 
0.3918 0.6082 
-1 -1 
-1 -1 
-1 -1 
0.3919 0.6081 
0.3894 0.6106 
-1 -1 
-1 -1 
0.4758 0.5242 
0.4662 0.5338 
0.4847 0.5153 
0.4746 0.5254 
0.4192 0.5808 
-1 -1 
-1 -1 
0.4200 0.5800 
-1 -1 
-1 -1 
0.4175 0.5825 
0.4525 0.5475 
0.4492 0.5508 
0.4529 0.5471 
0.4517 0.5483 
-1 -1 
0.4902 0.5098 
0.4883 0.5117 
-1 -1 
0.4800 0.5200 
0.4800 0.5200 
-1 -1 
0.4789 0.5211 
-1 -1 
-1 -1 
0.4932 0.5068 
0.4912 0.5088 
0.4922 0.5078 
-1 -1 
-1 -1 
-1 -1 
-1 -1 
0.4861 0.5139 
0.4899 0.5101 
-1 -1 
-1 -1 
-1 -1 
-1 -1 
-1 -1 
0.4917 0.5083 
0.4961 0.5039 
-1 -1 
0.4855 0.5145 
0.4869 0.5131 
0.4859 0.5141 
0.4871 0.5129 
-1 -1 
0.4754 0.5246 
0.4745 0.5255 
-1 -1 
-1 -1 
0.4769 0.5231 
0.4753 0.5247 
0.4833 0.5167 
0.4833 0.5167 
0.4829 0.5171 
-1 -1 
-1 -1 
-1 -1 
0.4770 0.5230 
0.4801 0.5199 
0.4788 0.5212 
0.4774 0.5226 
0.4811 0.5189 
-1 -1 
-1 -1 
0.4796 0.5204 
-1 -1 
0.4830 0.5170 
0.4793 0.5207 
0.4726 0.5274 
-1 -1 
0.4877 0.5123 
0.4713 0.5287 
0.4934 0.5066 
0.4931 0.5069 
0.4490 0.5510 
0.4459 0.5541 
0.4490 0.5510 
0.4740 0.5260 
-1 -1 
0.4496 0.5504 
0.4482 0.5518 
-1 -1 
-1 -1 
-1 -1 
0.4703 0.5297 
0.4709 0.5291 
0.4701 0.5299 
-1 -1 
0.3921 0.6079 
-1 -1 
-1 -1 
0.3918 0.6082 
0.3880 0.6120 
-1 -1 
0.3919 0.6081 
-1 -1 
-1 -1 
0.4647 0.5353 
0.4758 0.5242 
0.4662 0.5338 
-1 -1 
-1 -1 
0.4192 0.5808 
0.4194 0.5806 
0.4224 0.5776 
-1 -1 
-1 -1 
0.4198 0.5802 
-1 -1 
-1 -1 
0.4492 0.5508 
0.4529 0.5471 
0.4517 0.5483 
0.4887 0.5113 
0.4907 0.5093 
-1 -1 
-1 -1 
-1 -1 
-1 -1 
0.4886 0.5114 
-1 -1 
0.4889 0.5111 
0.4909 0.5091 
-1 -1 
-1 -1 
-1 -1 
0.4870 0.5130 
0.4861 0.5139 
-1 -1 
-1 -1 
-1 -1 
0.4911 0.5089 
0.4677 0.5323 
0.4684 0.5316 
-1 -1 
0.4771 0.5229 
-1 -1 
-1 -1 
0.4695 0.5305 
-1 -1 
0.4958 0.5042 
0.4946 0.5054 
0.4908 0.5092 
-1 -1 
0.4967 0.5033 
0.4863 0.5137 
0.4867 0.5133 
0.4862 0.5138 
-1 -1 
0.4702 0.5298 
-1 -1 
0.4693 0.5307 
0.4684 0.5316 
0.4610 0.5390 
0.4638 0.5362 
-1 -1 
0.4601 0.5399 
-1 -1 
0.4613 0.5387 
0.4617 0.5383 
-1 -1 
0.4597 0.5403 
0.4594 0.5406 
-1 -1 
-1 -1 
0.4783 0.5217 
-1 -1 
-1 -1 
0.4799 0.5201 
-1 -1 
-1 -1 
-1 -1 
0.4684 0.5316 
0.4610 0.5390 
0.4638 0.5362 
0.4598 0.5402 
0.4601 0.5399 
-1 -1 
-1 -1 
0.4617 0.5383 
0.4602 0.5398 
0.4597 0.5403 
0.4594 0.5406 
0.4852 0.5148 
-1 -1 
0.4837 0.5163 
0.4832 0.5168 
0.4943 0.5057 
-1 -1 
0.4876 0.5124 
-1 -1 
0.4741 0.5259 
-1 -1 
-1 -1 
0.4761 0.5239 
0.4743 0.5257 
-1 -1 
-1 -1 
-1 -1 
0.4935 0.5065 
-1 -1 
-1 -1 
-1 -1 
0.4958 0.5042 
0.4901 0.5099 
0.4943 0.5057 
-1 -1 
0.4909 0.5091 
-1 -1 
-1 -1 
0.4879 0.5121 
0.4960 0.5040 
0.4824 0.5176 
0.4812 0.5188 
0.4819 0.5181 
-1 -1 
-1 -1 
0.4927 0.5073 
-1 -1 
0.4914 0.5086 
0.4957 0.5043 
-1 -1 
-1 -1 
-1 -1 
-1 -1 
0.4957 0.5043 
0.4894 0.5106 
-1 -1 
0.4894 0.5106 
-1 -1 
0.4895 0.5105 
0.4874 0.5126 
0.4954 0.5046 
-1 -1 
-1 -1 
0.4892 0.5108 
-1 -1 
-1 -1 
-1 -1 
-1 -1 
0.4972 0.5028 
0.4946 0.5054 
-1 -1 
0.4913 0.5087 
-1 -1 
-1 -1 
0.4842 0.5158 
0.4856 0.5144 
0.4834 0.5166 
0.4820 0.5180 
-1 -1 
-1 -1 
0.4944 0.5056 
-1 -1 
-1 -1 
-1 -1 
0.4869 0.5131 
0.4963 0.5037 
-1 -1 
-1 -1 
0.4842 0.5158 
0.4820 0.5180 
0.4824 0.5176 
0.4832 0.5168 
0.4915 0.5085 
0.4949 0.5051 
-1 -1 
0.4905 0.5095 
0.4942 0.5058 
0.4976 0.5024 
0.4899 0.5101 
-1 -1 
-1 -1 
0.4894 0.5106 
-1 -1 
0.4889 0.5111 
0.4827 0.5173 
-1 -1 
-1 -1 
-1 -1 
0.4815 0.5185 
0.4879 0.5121 
0.4919 0.5081 
0.4871 0.5129 
-1 -1 
-1 -1 
-1 -1 
0.4945 0.5055 
0.4941 0.5059 
-1 -1 
-1 -1 
-1 -1 
-1 -1 
-1 -1 
-1 -1 
-1 -1 
-1 -1 
-1 -1 
-1 -1 
-1 -1 
0.4858 0.5142 
0.4875 0.5125 
0.4913 0.5087 
0.4922 0.5078 
0.4976 0.5024 
-1 -1 
-1 -1 
-1 -1 
-1 -1 
0.3593 0.6407 
-1 -1 
-1 -1 
0.3567 0.6433 
0.3586 0.6414 
-1 -1 
-1 -1 
-1 -1 
-1 -1 
0.3571 0.6429 
-1 -1 
0.3589 0.6411 
-1 -1 
0.4940 0.5060 
-1 -1 
0.4934 0.5066 
-1 -1 
-1 -1 
0.4977 0.5023 
0.4962 0.5038 
-1 -1 
-1 -1 
-1 -1 
0.4931 0.5069 
-1 -1 
0.4939 0.5061 
0.4953 0.5047 
0.4879 0.5121 
-1 -1 
0.4878 0.5122 
0.4890 0.5110 
-1 -1 
0.4875 0.5125 
-1 -1 
-1 -1 
-1 -1 
0.4620 0.5380 
0.4631 0.5369 
0.4631 0.5369 
0.4619 0.5381 
-1 -1 
0.4623 0.5377 
0.4612 0.5388 
0.4629 0.5371 
0.4620 0.5380 
0.4775 0.5225 
0.4769 0.5231 
-1 -1 
0.4748 0.5252 
0.4785 0.5215 
0.4735 0.5265 
0.4784 0.5216 
-1 -1 
-1 -1 
0.4825 0.5175 
0.4735 0.5265 
-1 -1 
0.4960 0.5040 
-1 -1 
0.4801 0.5199 
-1 -1 
-1 -1 
0.4791 0.5209 
-1 -1 
0.4814 0.5186 
-1 -1 
-1 -1 
-1 -1 
-1 -1 
-1 -1 
-1 -1 
0.4861 0.5139 
-1 -1 
-1 -1 
0.4873 0.5127 
-1 -1 
0.4838 0.5162 
0.4881 0.5119 
0.4914 0.5086 
0.4939 0.5061 
0.4892 0.5108 
0.4948 0.5052 
-1 -1 
-1 -1 
0.4856 0.5144 
-1 -1 
0.4820 0.5180 
0.4913 0.5087 
0.4947 0.5053 
0.4782 0.5218 
0.4758 0.5242 
0.4819 0.5181 
-1 -1 
-1 -1 
-1 -1 
-1 -1 
0.4852 0.5148 
0.4814 0.5186 
-1 -1 
-1 -1 
-1 -1 
0.4875 0.5125 
0.4877 0.5123 
-1 -1 
-1 -1 
-1 -1 
-1 -1 
0.4799 0.5201 
0.4783 0.5217 
0.4792 0.5208 
-1 -1 
-1 -1 
-1 -1 
0.4833 0.5167 
0.4803 0.5197 
-1 -1 
0.4920 0.5080 
0.4840 0.5160 
0.4964 0.5036 
0.4946 0.5054 
0.4927 0.5073 
-1 -1 
-1 -1 
-1 -1 
-1 -1 
-1 -1 
0.4886 0.5114 
0.4898 0.5102 
0.4957 0.5043 
0.4936 0.5064 
-1 -1 
-1 -1 
-1 -1 
0.4869 0.5131 
0.4925 0.5075 
-1 -1 
0.4879 0.5121 
0.4890 0.5110 
-1 -1 
0.4705 0.5295 
-1 -1 
0.4692 0.5308 
0.4696 0.5304 
-1 -1 
0.4679 0.5321 
0.4678 0.5322 
-1 -1 
0.4770 0.5230 
0.4764 0.5236 
-1 -1 
-1 -1 
-1 -1 
0.4940 0.5060 
0.4934 0.5066 
0.4852 0.5148 
-1 -1 
-1 -1 
-1 -1 
0.4788 0.5212 
-1 -1 
-1 -1 
0.4792 0.5208 
0.4790 0.5210 
0.4828 0.5172 
0.4794 0.5206 
-1 -1 
0.4823 0.5177 
-1 -1 
0.4831 0.5169 
-1 -1 
-1 -1 
0.4821 0.5179 
-1 -1 
0.4929 0.5071 
0.5123 0.4877 
0.4828 0.5172 
0.4843 0.5157 
0.4839 0.5161 
0.4865 0.5135 
-1 -1 
-1 -1 
-1 -1 
-1 -1 
-1 -1 
-1 -1 
0.4710 0.5290 
0.4759 0.5241 
0.4815 0.5185 
0.4757 0.5243 
-1 -1 
-1 -1 
0.4763 0.5237 
0.4762 0.5238 
-1 -1 
-1 -1 
-1 -1 
-1 -1 
0.4737 0.5263 
0.4623 0.5377 
0.4594 0.5406 
0.4842 0.5158 
-1 -1 
0.4618 0.5382 
0.4607 0.5393 
0.4616 0.5384 
-1 -1 
0.4610 0.5390 
-1 -1 
-1 -1 
0.4903 0.5097 
-1 -1 
-1 -1 
-1 -1 
0.4833 0.5167 
0.4835 0.5165 
0.4820 0.5180 
0.4827 0.5173 
0.4833 0.5167 
-1 -1 
-1 -1 
-1 -1 
0.4927 0.5073 
0.4958 0.5042 
0.4798 0.5202 
0.4814 0.5186 
-1 -1 
0.4846 0.5154 
-1 -1 
-1 -1 
0.4868 0.5132 
-1 -1 
0.4989 0.5011 
0.5001 0.4999 
-1 -1 
-1 -1 
-1 -1 
-1 -1 
0.4937 0.5063 
0.4937 0.5063 
-1 -1 
-1 -1 
-1 -1 
-1 -1 
-1 -1 
-1 -1 
-1 -1 
0.4706 0.5294 
-1 -1 
0.4757 0.5243 
0.4949 0.5051 
0.4762 0.5238 
-1 -1 
-1 -1 
-1 -1 
-1 -1 
-1 -1 
-1 -1 
0.4979 0.5021 
0.4974 0.5026 
0.3593 0.6407 
0.3580 0.6420 
-1 -1 
0.3576 0.6424 
-1 -1 
0.3586 0.6414 
-1 -1 
0.3595 0.6405 
-1 -1 
0.3578 0.6422 
0.3571 0.6429 
-1 -1 
-1 -1 
0.3567 0.6433 
0.4892 0.5108 
-1 -1 
0.4865 0.5135 
-1 -1 
-1 -1 
-1 -1 
-1 -1 
0.4912 0.5088 
0.4909 0.5091 
-1 -1 
0.4940 0.5060 
0.4947 0.5053 
0.4884 0.5116 
-1 -1 
-1 -1 
-1 -1 
0.4902 0.5098 
-1 -1 
0.4912 0.5088 
0.5003 0.4997 
0.4974 0.5026 
0.4946 0.5054 
0.4998 0.5002 
-1 -1 
0.4783 0.5217 
0.4833 0.5167 
-1 -1 
-1 -1 
0.4811 0.5189 
0.4852 0.5148 
-1 -1 
0.4852 0.5148 
0.4865 0.5135 
-1 -1 
0.4848 0.5152 
0.4891 0.5109 
0.4957 0.5043 
0.4701 0.5299 
-1 -1 
0.4701 0.5299 
0.4705 0.5295 
-1 -1 
-1 -1 
0.4714 0.5286 
-1 -1 
0.4896 0.5104 
0.4875 0.5125 
-1 -1 
0.4967 0.5033 
-1 -1 
0.4941 0.5059 
0.4984 0.5016 
-1 -1 
0.4977 0.5023 
-1 -1 
0.4901 0.5099 
-1 -1 
-1 -1 
-1 -1 
-1 -1 
-1 -1 
-1 -1 
-1 -1 
0.4579 0.5421 
0.4587 0.5413 
0.4556 0.5444 
0.4585 0.5415 
0.4592 0.5408 
0.4928 0.5072 
0.4925 0.5075 
0.4889 0.5111 
-1 -1 
-1 -1 
-1 -1 
0.4748 0.5252 
0.4762 0.5238 
0.4785 0.5215 
0.4769 0.5231 
-1 -1 
0.4845 0.5155 
-1 -1 
0.4853 0.5147 
0.4829 0.5171 
0.4897 0.5103 
0.4922 0.5078 
0.4862 0.5138 
0.4935 0.5065 
-1 -1 
-1 -1 
-1 -1 
0.4908 0.5092 
-1 -1 
0.4862 0.5138 
0.4880 0.5120 
0.4848 0.5152 
-1 -1 
0.4867 0.5133 
0.4843 0.5157 
0.4935 0.5065 
0.4831 0.5169 
-1 -1 
-1 -1 
0.4865 0.5135 
0.4862 0.5138 
-1 -1 
-1 -1 
0.4732 0.5268 
-1 -1 
0.4767 0.5233 
-1 -1 
0.4746 0.5254 
-1 -1 
-1 -1 
0.4847 0.5153 
-1 -1 
0.4843 0.5157 
-1 -1 
-1 -1 
0.4738 0.5262 
-1 -1 
0.4757 0.5243 
-1 -1 
-1 -1 
-1 -1 
0.4763 0.5237 
-1 -1 
0.4774 0.5226 
-1 -1 
0.4805 0.5195 
0.4811 0.5189 
-1 -1 
0.4808 0.5192 
-1 -1 
-1 -1 
-1 -1 
0.4959 0.5041 
-1 -1 
0.4881 0.5119 
-1 -1 
0.4867 0.5133 
0.4883 0.5117 
0.4897 0.5103 
0.4730 0.5270 
0.4720 0.5280 
0.4717 0.5283 
0.4780 0.5220 
0.4741 0.5259 
0.4779 0.5221 
-1 -1 
0.4928 0.5072 
-1 -1 
0.4776 0.5224 
0.4765 0.5235 
-1 -1 
-1 -1 
-1 -1 
0.4773 0.5227 
-1 -1 
0.4777 0.5223 
-1 -1 
-1 -1 
-1 -1 
0.4784 0.5216 
0.4710 0.5290 
-1 -1 
-1 -1 
-1 -1 
0.4686 0.5314 
-1 -1 
-1 -1 
0.4689 0.5311 
-1 -1 
0.4954 0.5046 
-1 -1 
0.4877 0.5123 
0.4858 0.5142 
0.4796 0.5204 
-1 -1 
-1 -1 
0.4766 0.5234 
0.4796 0.5204 
-1 -1 
0.4788 0.5212 
-1 -1 
-1 -1 
-1 -1 
0.4822 0.5178 
0.4846 0.5154 
-1 -1 
0.4778 0.5222 
0.4777 0.5223 
0.4755 0.5245 
0.4770 0.5230 
-1 -1 
-1 -1 
0.4718 0.5282 
0.4696 0.5304 
-1 -1 
0.4682 0.5318 
-1 -1 
0.4690 0.5310 
0.4716 0.5284 
0.4951 0.5049 
0.4553 0.5447 
0.4624 0.5376 
-1 -1 
-1 -1 
-1 -1 
-1 -1 
0.4887 0.5113 
-1 -1 
-1 -1 
-1 -1 
0.4799 0.5201 
0.4812 0.5188 
-1 -1 
-1 -1 
-1 -1 
0.4859 0.5141 
0.4868 0.5132 
-1 -1 
-1 -1 
0.4928 0.5072 
-1 -1 
0.4864 0.5136 
0.4869 0.5131 
0.4845 0.5155 
-1 -1 
0.4885 0.5115 
0.4885 0.5115 
0.4956 0.5044 
0.4954 0.5046 
-1 -1 
0.4941 0.5059 
0.4811 0.5189 
0.4817 0.5183 
-1 -1 
0.4794 0.5206 
-1 -1 
0.4879 0.5121 
0.4891 0.5109 
0.4886 0.5114 
0.4937 0.5063 
0.4958 0.5042 
-1 -1 
-1 -1 
-1 -1 
0.4970 0.5030 
-1 -1 
0.4970 0.5030 
-1 -1 
-1 -1 
0.4846 0.5154 
0.4833 0.5167 
0.4820 0.5180 
0.4810 0.5190 
-1 -1 
0.4864 0.5136 
-1 -1 
0.4954 0.5046 
-1 -1 
-1 -1 
-1 -1 
-1 -1 
0.4737 0.5263 
-1 -1 
-1 -1 
-1 -1 
0.4723 0.5277 
0.4780 0.5220 
0.4706 0.5294 
0.4947 0.5053 
0.4910 0.5090 
-1 -1 
0.4970 0.5030 
0.4905 0.5095 
-1 -1 
-1 -1 
-1 -1 
0.4980 0.5020 
0.4736 0.5264 
0.4748 0.5252 
-1 -1 
0.4814 0.5186 
-1 -1 
-1 -1 
-1 -1 
0.4831 0.5169 
-1 -1 
0.4904 0.5096 
0.4945 0.5055 
-1 -1 
-1 -1 
-1 -1 
-1 -1 
-1 -1 
0.4882 0.5118 
0.4874 0.5126 
0.4898 0.5102 
-1 -1 
0.4902 0.5098 
0.4913 0.5087 
0.4919 0.5081 
0.4956 0.5044 
-1 -1 
0.4894 0.5106 
0.4897 0.5103 
-1 -1 
-1 -1 
0.4855 0.5145 
-1 -1 
-1 -1 
-1 -1 
-1 -1 
-1 -1 
0.4846 0.5154 
-1 -1 
0.4846 0.5154 
-1 -1 
0.4845 0.5155 
0.4863 0.5137 
-1 -1 
0.4581 0.5419 
0.4574 0.5426 
-1 -1 
0.4581 0.5419 
0.4646 0.5354 
-1 -1 
0.4579 0.5421 
0.4577 0.5423 
-1 -1 
0.4605 0.5395 
0.4736 0.5264 
-1 -1 
-1 -1 
0.4951 0.5049 
-1 -1 
0.4918 0.5082 
-1 -1 
0.4881 0.5119 
-1 -1 
-1 -1 
-1 -1 
-1 -1 
0.4905 0.5095 
-1 -1 
-1 -1 
-1 -1 
-1 -1 
-1 -1 
-1 -1 
0.4901 0.5099 
0.4901 0.5099 
-1 -1 
0.4904 0.5096 
0.4912 0.5088 
0.4912 0.5088 
0.4818 0.5182 
0.4844 0.5156 
0.4842 0.5158 
-1 -1 
-1 -1 
0.4797 0.5203 
-1 -1 
0.4799 0.5201 
0.4780 0.5220 
0.4776 0.5224 
-1 -1 
0.4920 0.5080 
-1 -1 
0.4901 0.5099 
0.4921 0.5079 
-1 -1 
-1 -1 
-1 -1 
0.4977 0.5023 
0.4662 0.5338 
-1 -1 
-1 -1 
-1 -1 
-1 -1 
0.4671 0.5329 
-1 -1 
-1 -1 
0.4644 0.5356 
0.4889 0.5111 
-1 -1 
0.4901 0.5099 
0.4775 0.5225 
-1 -1 
-1 -1 
0.4744 0.5256 
-1 -1 
0.4735 0.5265 
-1 -1 
-1 -1 
0.4943 0.5057 
0.4873 0.5127 
-1 -1 
-1 -1 
-1 -1 
-1 -1 
-1 -1 
-1 -1 
0.4766 0.5234 
0.4814 0.5186 
0.4970 0.5030 
-1 -1 
-1 -1 
-1 -1 
-1 -1 
0.4724 0.5276 
-1 -1 
0.4718 0.5282 
0.4710 0.5290 
-1 -1 
-1 -1 
0.4943 0.5057 
0.4963 0.5037 
0.4927 0.5073 
-1 -1 
-1 -1 
-1 -1 
-1 -1 
0.4959 0.5041 
0.4865 0.5135 
0.4913 0.5087 
0.4816 0.5184 
-1 -1 
0.4888 0.5112 
-1 -1 
-1 -1 
0.4939 0.5061 
-1 -1 
-1 -1 
0.4912 0.5088 
-1 -1 
0.4936 0.5064 
-1 -1 
0.4893 0.5107 
-1 -1 
-1 -1 
0.4826 0.5174 
-1 -1 
0.4813 0.5187 
0.4830 0.5170 
0.4614 0.5386 
-1 -1 
-1 -1 
0.4616 0.5384 
-1 -1 
-1 -1 
0.4604 0.5396 
0.4602 0.5398 
-1 -1 
0.4615 0.5385 
0.4651 0.5349 
-1 -1 
-1 -1 
-1 -1 
0.4769 0.5231 
-1 -1 
-1 -1 
-1 -1 
0.4704 0.5296 
-1 -1 
-1 -1 
-1 -1 
0.4703 0.5297 
0.4701 0.5299 
-1 -1 
0.4850 0.5150 
0.4852 0.5148 
0.4907 0.5093 
-1 -1 
0.4882 0.5118 
0.4866 0.5134 
0.4874 0.5126 
-1 -1 
-1 -1 
0.4855 0.5145 
0.4843 0.5157 
-1 -1 
-1 -1 
0.4939 0.5061 
0.4931 0.5069 
-1 -1 
-1 -1 
-1 -1 
0.4961 0.5039 
0.4875 0.5125 
-1 -1 
0.4851 0.5149 
0.4767 0.5233 
-1 -1 
0.4746 0.5254 
-1 -1 
-1 -1 
-1 -1 
-1 -1 
-1 -1 
-1 -1 
0.4767 0.5233 
-1 -1 
-1 -1 
-1 -1 
-1 -1 
-1 -1 
-1 -1 
-1 -1 
-1 -1 
-1 -1 
0.4752 0.5248 
-1 -1 
-1 -1 
-1 -1 
-1 -1 
-1 -1 
-1 -1 
-1 -1 
-1 -1 
-1 -1 
0.4703 0.5297 
-1 -1 
0.4473 0.5527 
0.4478 0.5522 
-1 -1 
0.4483 0.5517 
-1 -1 
-1 -1 
0.4482 0.5518 
0.4485 0.5515 
-1 -1 
0.4709 0.5291 
-1 -1 
0.4712 0.5288 
0.4722 0.5278 
-1 -1 
0.4731 0.5269 
-1 -1 
-1 -1 
-1 -1 
0.4830 0.5170 
0.4840 0.5160 
0.4832 0.5168 
0.4884 0.5116 
-1 -1 
-1 -1 
0.5120 0.4880 
-1 -1 
0.4939 0.5061 
0.4930 0.5070 
0.5226 0.4774 
-1 -1 
0.4775 0.5225 
-1 -1 
-1 -1 
-1 -1 
0.4939 0.5061 
-1 -1 
-1 -1 
0.4967 0.5033 
0.4812 0.5188 
-1 -1 
0.4814 0.5186 
-1 -1 
-1 -1 
-1 -1 
-1 -1 
0.4873 0.5127 
-1 -1 
-1 -1 
-1 -1 
0.4922 0.5078 
-1 -1 
0.4937 0.5063 
-1 -1 
-1 -1 
0.4928 0.5072 
-1 -1 
-1 -1 
0.4941 0.5059 
0.4973 0.5027 
-1 -1 
-1 -1 
-1 -1 
0.4846 0.5154 
0.4848 0.5152 
0.4862 0.5138 
0.4833 0.5167 
-1 -1 
0.4878 0.5122 
-1 -1 
0.4872 0.5128 
0.4948 0.5052 
0.4926 0.5074 
0.4966 0.5034 
0.4963 0.5037 
0.4760 0.5240 
-1 -1 
-1 -1 
-1 -1 
0.4780 0.5220 
0.4768 0.5232 
-1 -1 
0.4762 0.5238 
0.4756 0.5244 
-1 -1 
0.4772 0.5228 
0.4749 0.5251 
-1 -1 
-1 -1 
-1 -1 
-1 -1 
0.4951 0.5049 
-1 -1 
-1 -1 
0.4828 0.5172 
-1 -1 
0.4827 0.5173 
0.4832 0.5168 
-1 -1 
-1 -1 
0.4871 0.5129 
-1 -1 
0.4868 0.5132 
0.4787 0.5213 
-1 -1 
0.4773 0.5227 
-1 -1 
0.4839 0.5161 
0.4829 0.5171 
-1 -1 
0.4832 0.5168 
0.4810 0.5190 
-1 -1 
-1 -1 
-1 -1 
-1 -1 
0.4611 0.5389 
0.4620 0.5380 
-1 -1 
-1 -1 
0.4628 0.5372 
-1 -1 
-1 -1 
0.4680 0.5320 
0.4635 0.5365 
0.4615 0.5385 
-1 -1 
-1 -1 
-1 -1 
0.4894 0.5106 
-1 -1 
0.4885 0.5115 
0.4955 0.5045 
0.4980 0.5020 
0.5088 0.4912 
0.4926 0.5074 
0.4930 0.5070 
-1 -1 
-1 -1 
-1 -1 
-1 -1 
0.4671 0.5329 
-1 -1 
0.4717 0.5283 
-1 -1 
0.4681 0.5319 
0.4708 0.5292 
-1 -1 
-1 -1 
0.4971 0.5029 
-1 -1 
0.4789 0.5211 
0.4781 0.5219 
-1 -1 
0.4790 0.5210 
-1 -1 
0.4889 0.5111 
-1 -1 
0.4906 0.5094 
-1 -1 
0.4814 0.5186 
0.4783 0.5217 
-1 -1 
-1 -1 
0.4793 0.5207 
-1 -1 
0.4917 0.5083 
0.4836 0.5164 
-1 -1 
-1 -1 
0.4827 0.5173 
-1 -1 
-1 -1 
-1 -1 
-1 -1 
0.4918 0.5082 
-1 -1 
-1 -1 
0.4889 0.5111 
-1 -1 
-1 -1 
-1 -1 
0.4615 0.5385 
-1 -1 
0.4638 0.5362 
-1 -1 
0.4842 0.5158 
-1 -1 
0.4829 0.5171 
0.4809 0.5191 
-1 -1 
-1 -1 
0.4910 0.5090 
-1 -1 
-1 -1 
-1 -1 
-1 -1 
0.4851 0.5149 
0.4941 0.5059 
-1 -1 
0.4806 0.5194 
-1 -1 
0.4816 0.5184 
-1 -1 
0.4871 0.5129 
0.4879 0.5121 
-1 -1 
0.4958 0.5042 
0.4979 0.5021 
0.4823 0.5177 
-1 -1 
-1 -1 
-1 -1 
0.4823 0.5177 
-1 -1 
0.4859 0.5141 
0.4890 0.5110 
-1 -1 
-1 -1 
0.4903 0.5097 
-1 -1 
-1 -1 
0.4756 0.5244 
0.4759 0.5241 
-1 -1 
-1 -1 
-1 -1 
0.4889 0.5111 
-1 -1 
-1 -1 
0.4453 0.5547 
0.4424 0.5576 
-1 -1 
-1 -1 
0.4432 0.5568 
0.4416 0.5584 
0.4437 0.5563 
-1 -1 
0.4880 0.5120 
0.4860 0.5140 
-1 -1 
-1 -1 
-1 -1 
-1 -1 
-1 -1 
-1 -1 
-1 -1 
0.4947 0.5053 
0.4818 0.5182 
0.4831 0.5169 
-1 -1 
-1 -1 
-1 -1 
0.4882 0.5118 
0.4912 0.5088 
0.4960 0.5040 
0.4930 0.5070 
-1 -1 
0.4856 0.5144 
0.4853 0.5147 
0.4829 0.5171 
-1 -1 
-1 -1 
-1 -1 
-1 -1 
-1 -1 
-1 -1 
-1 -1 
0.4902 0.5098 
-1 -1 
-1 -1 
-1 -1 
-1 -1 
-1 -1 
0.4784 0.5216 
-1 -1 
-1 -1 
0.4788 0.5212 
-1 -1 
-1 -1 
-1 -1 
0.4978 0.5022 
0.4890 0.5110 
0.4879 0.5121 
0.5093 0.4907 
-1 -1 
-1 -1 
0.4831 0.5169 
0.4817 0.5183 
0.4944 0.5056 
-1 -1 
-1 -1 
-1 -1 
0.4864 0.5136 
-1 -1 
0.4925 0.5075 
0.4937 0.5063 
-1 -1 
0.4940 0.5060 
0.4932 0.5068 
0.4947 0.5053 
0.4845 0.5155 
-1 -1 
-1 -1 
0.4856 0.5144 
0.4908 0.5092 
0.4917 0.5083 
0.5103 0.4897 
0.4825 0.5175 
0.4847 0.5153 
0.4844 0.5156 
0.4861 0.5139 
0.4911 0.5089 
-1 -1 
-1 -1 
0.4462 0.5538 
0.4732 0.5268 
0.4547 0.5453 
0.4450 0.5550 
0.4455 0.5545 
-1 -1 
0.4456 0.5544 
0.4454 0.5546 
0.4512 0.5488 
0.4627 0.5373 
0.4445 0.5555 
0.4444 0.5556 
-1 -1 
-1 -1 
0.4968 0.5032 
0.4966 0.5034 
0.4904 0.5096 
-1 -1 
-1 -1 
-1 -1 
0.4837 0.5163 
-1 -1 
0.4840 0.5160 
-1 -1 
0.4892 0.5108 
0.4877 0.5123 
0.4731 0.5269 
0.4741 0.5259 
0.4751 0.5249 
-1 -1 
-1 -1 
0.4713 0.5287 
-1 -1 
0.4837 0.5163 
-1 -1 
0.4853 0.5147 
0.4830 0.5170 
-1 -1 
-1 -1 
0.4791 0.5209 
-1 -1 
-1 -1 
0.4908 0.5092 
-1 -1 
-1 -1 
-1 -1 
-1 -1 
0.4867 0.5133 
0.4840 0.5160 
-1 -1 
0.4855 0.5145 
0.4985 0.5015 
0.4906 0.5094 
-1 -1 
0.4926 0.5074 
0.4936 0.5064 
0.4939 0.5061 
-1 -1 
0.5239 0.4761 
0.4970 0.5030 
-1 -1 
0.4904 0.5096 
0.5201 0.4799 
0.4876 0.5124 
-1 -1 
-1 -1 
0.4903 0.5097 
0.4943 0.5057 
-1 -1 
-1 -1 
-1 -1 
0.4878 0.5122 
-1 -1 
-1 -1 
-1 -1 
-1 -1 
0.4873 0.5127 
-1 -1 
-1 -1 
-1 -1 
-1 -1 
-1 -1 
0.4883 0.5117 
-1 -1 
-1 -1 
0.4812 0.5188 
-1 -1 
0.4841 0.5159 
0.4525 0.5475 
0.4492 0.5508 
0.4529 0.5471 
0.4517 0.5483 
0.4647 0.5353 
0.4758 0.5242 
0.4662 0.5338 
-1 -1 
-1 -1 
0.4192 0.5808 
-1 -1 
0.4224 0.5776 
0.4200 0.5800 
-1 -1 
-1 -1 
-1 -1 
0.3899 0.6101 
0.3921 0.6079 
0.4173 0.5827 
-1 -1 
-1 -1 
0.3880 0.6120 
0.3913 0.6087 
-1 -1 
0.3894 0.6106 
0.3918 0.6082 
-1 -1 
-1 -1 
-1 -1 
0.4883 0.5117 
0.4897 0.5103 
0.4898 0.5102 
0.4905 0.5095 
-1 -1 
-1 -1 
-1 -1 
-1 -1 
-1 -1 
0.4864 0.5136 
-1 -1 
0.4857 0.5143 
0.4854 0.5146 
-1 -1 
-1 -1 
0.4613 0.5387 
-1 -1 
0.4638 0.5362 
-1 -1 
-1 -1 
0.4646 0.5354 
0.4681 0.5319 
-1 -1 
-1 -1 
0.4586 0.5414 
-1 -1 
0.4615 0.5385 
0.4634 0.5366 
-1 -1 
-1 -1 
-1 -1 
-1 -1 
-1 -1 
-1 -1 
-1 -1 
0.4943 0.5057 
-1 -1 
-1 -1 
-1 -1 
0.4916 0.5084 
-1 -1 
-1 -1 
0.4952 0.5048 
-1 -1 
-1 -1 
-1 -1 
-1 -1 
0.4943 0.5057 
0.4920 0.5080 
-1 -1 
-1 -1 
-1 -1 
-1 -1 
0.5070 0.4930 
0.4887 0.5113 
0.4879 0.5121 
0.4825 0.5175 
0.4818 0.5182 
-1 -1 
0.4798 0.5202 
-1 -1 
0.4860 0.5140 
0.4868 0.5132 
0.4864 0.5136 
0.4817 0.5183 
0.4827 0.5173 
-1 -1 
0.4641 0.5359 
-1 -1 
-1 -1 
0.4667 0.5333 
-1 -1 
-1 -1 
0.4644 0.5356 
-1 -1 
0.4659 0.5341 
0.4588 0.5412 
-1 -1 
0.4650 0.5350 
0.4585 0.5415 
0.4608 0.5392 
0.4615 0.5385 
0.4599 0.5401 
-1 -1 
0.4602 0.5398 
-1 -1 
-1 -1 
0.4837 0.5163 
-1 -1 
0.4885 0.5115 
-1 -1 
0.4624 0.5376 
-1 -1 
0.4645 0.5355 
0.4718 0.5282 
0.4647 0.5353 
0.4626 0.5374 
-1 -1 
-1 -1 
-1 -1 
-1 -1 
-1 -1 
-1 -1 
-1 -1 
-1 -1 
-1 -1 
-1 -1 
0.4900 0.5100 
-1 -1 
0.4923 0.5077 
0.4935 0.5065 
-1 -1 
-1 -1 
0.4972 0.5028 
0.4900 0.5100 
0.4901 0.5099 
-1 -1 
0.4755 0.5245 
0.4761 0.5239 
0.4744 0.5256 
0.4774 0.5226 
0.4790 0.5210 
-1 -1 
-1 -1 
-1 -1 
0.4828 0.5172 
0.4808 0.5192 
-1 -1 
0.4843 0.5157 
-1 -1 
0.4886 0.5114 
0.4869 0.5131 
0.5074 0.4926 
-1 -1 
-1 -1 
0.4732 0.5268 
0.4768 0.5232 
-1 -1 
0.4776 0.5224 
-1 -1 
-1 -1 
-1 -1 
0.5018 0.4982 
-1 -1 
0.4965 0.5035 
-1 -1 
-1 -1 
0.4899 0.5101 
0.4938 0.5062 
-1 -1 
-1 -1 
0.4897 0.5103 
0.5045 0.4955 
-1 -1 
-1 -1 
-1 -1 
0.4872 0.5128 
0.4900 0.5100 
-1 -1 
-1 -1 
-1 -1 
-1 -1 
-1 -1 
-1 -1 
-1 -1 
0.4836 0.5164 
0.4860 0.5140 
-1 -1 
0.4955 0.5045 
0.4983 0.5017 
-1 -1 
0.4726 0.5274 
-1 -1 
0.4824 0.5176 
-1 -1 
-1 -1 
0.4700 0.5300 
0.4925 0.5075 
-1 -1 
0.4766 0.5234 
-1 -1 
-1 -1 
0.4761 0.5239 
-1 -1 
-1 -1 
0.4904 0.5096 
-1 -1 
0.4804 0.5196 
-1 -1 
0.4822 0.5178 
0.4806 0.5194 
0.4800 0.5200 
0.4964 0.5036 
-1 -1 
-1 -1 
-1 -1 
-1 -1 
-1 -1 
-1 -1 
0.4885 0.5115 
0.4882 0.5118 
-1 -1 
-1 -1 
0.4948 0.5052 
0.4938 0.5062 
-1 -1 
-1 -1 
-1 -1 
-1 -1 
-1 -1 
-1 -1 
-1 -1 
-1 -1 
0.4952 0.5048 
0.4952 0.5048 
0.4852 0.5148 
-1 -1 
0.4848 0.5152 
0.4855 0.5145 
0.4834 0.5166 
0.4841 0.5159 
-1 -1 
-1 -1 
0.4726 0.5274 
0.5045 0.4955 
-1 -1 
-1 -1 
-1 -1 
0.4960 0.5040 
0.4954 0.5046 
-1 -1 
0.4822 0.5178 
0.4823 0.5177 
0.4808 0.5192 
-1 -1 
-1 -1 
0.4553 0.5447 
-1 -1 
0.4560 0.5440 
-1 -1 
0.4629 0.5371 
0.4566 0.5434 
-1 -1 
-1 -1 
-1 -1 
0.4587 0.5413 
0.4568 0.5432 
0.4842 0.5158 
-1 -1 
-1 -1 
-1 -1 
-1 -1 
-1 -1 
0.4928 0.5072 
-1 -1 
0.4946 0.5054 
0.4951 0.5049 
-1 -1 
0.4869 0.5131 
-1 -1 
-1 -1 
0.4614 0.5386 
0.4609 0.5391 
0.4697 0.5303 
0.4591 0.5409 
-1 -1 
-1 -1 
-1 -1 
-1 -1 
0.4580 0.5420 
0.4596 0.5404 
0.4892 0.5108 
-1 -1 
-1 -1 
-1 -1 
0.4963 0.5037 
-1 -1 
0.4900 0.5100 
0.4933 0.5067 
-1 -1 
-1 -1 
-1 -1 
0.4876 0.5124 
0.4876 0.5124 
-1 -1 
0.4874 0.5126 
-1 -1 
-1 -1 
0.4843 0.5157 
0.4786 0.5214 
0.4741 0.5259 
-1 -1 
-1 -1 
0.4924 0.5076 
-1 -1 
0.4847 0.5153 
-1 -1 
0.4809 0.5191 
-1 -1 
0.4894 0.5106 
-1 -1 
-1 -1 
0.4851 0.5149 
-1 -1 
-1 -1 
-1 -1 
-1 -1 
0.4949 0.5051 
-1 -1 
-1 -1 
-1 -1 
-1 -1 
-1 -1 
-1 -1 
-1 -1 
0.4939 0.5061 
-1 -1 
0.4917 0.5083 
0.4915 0.5085 
0.4911 0.5089 
0.4927 0.5073 
-1 -1 
0.4969 0.5031 
0.4942 0.5058 
-1 -1 
0.4901 0.5099 
-1 -1 
0.4972 0.5028 
-1 -1 
-1 -1 
0.4829 0.5171 
0.4836 0.5164 
0.4836 0.5164 
0.4809 0.5191 
-1 -1 
-1 -1 
0.4929 0.5071 
-1 -1 
-1 -1 
0.4896 0.5104 
-1 -1 
-1 -1 
0.4932 0.5068 
0.4937 0.5063 
0.4801 0.5199 
0.4821 0.5179 
-1 -1 
0.4821 0.5179 
0.4814 0.5186 
-1 -1 
-1 -1 
0.4748 0.5252 
0.4742 0.5258 
0.4756 0.5244 
-1 -1 
0.4754 0.5246 
0.4911 0.5089 
0.4894 0.5106 
0.4835 0.5165 
-1 -1 
-1 -1 
0.4836 0.5164 
0.4815 0.5185 
-1 -1 
-1 -1 
-1 -1 
-1 -1 
0.4801 0.5199 
-1 -1 
-1 -1 
0.4917 0.5083 
-1 -1 
0.4948 0.5052 
0.4829 0.5171 
0.4827 0.5173 
-1 -1 
0.4830 0.5170 
0.4787 0.5213 
0.4932 0.5068 
-1 -1 
-1 -1 
0.4515 0.5485 
-1 -1 
0.4507 0.5493 
-1 -1 
0.4518 0.5482 
0.4512 0.5488 
-1 -1 
0.4493 0.5507 
0.4517 0.5483 
0.4520 0.5480 
0.4501 0.5499 
0.4519 0.5481 
-1 -1 
0.4505 0.5495 
0.4767 0.5233 
0.4752 0.5248 
-1 -1 
-1 -1 
-1 -1 
-1 -1 
0.4922 0.5078 
-1 -1 
-1 -1 
0.5065 0.4935 
-1 -1 
0.4938 0.5062 
-1 -1 
-1 -1 
-1 -1 
0.4968 0.5032 
-1 -1 
-1 -1 
-1 -1 
0.5120 0.4880 
-1 -1 
0.4894 0.5106 
-1 -1 
-1 -1 
-1 -1 
-1 -1 
-1 -1 
0.4936 0.5064 
0.5048 0.4952 
0.4880 0.5120 
-1 -1 
-1 -1 
0.4881 0.5119 
0.4895 0.5105 
0.4870 0.5130 
-1 -1 
-1 -1 
0.4823 0.5177 
0.4827 0.5173 
0.4836 0.5164 
0.4835 0.5165 
0.4821 0.5179 
-1 -1 
0.4934 0.5066 
0.4955 0.5045 
-1 -1 
0.4839 0.5161 
-1 -1 
0.4846 0.5154 
-1 -1 
-1 -1 
-1 -1 
0.4935 0.5065 
0.4823 0.5177 
0.4836 0.5164 
0.4817 0.5183 
-1 -1 
0.4799 0.5201 
0.4870 0.5130 
-1 -1 
0.4881 0.5119 
0.4939 0.5061 
-1 -1 
0.4770 0.5230 
-1 -1 
-1 -1 
-1 -1 
0.4787 0.5213 
0.4790 0.5210 
0.4883 0.5117 
-1 -1 
-1 -1 
-1 -1 
-1 -1 
-1 -1 
0.4853 0.5147 
-1 -1 
-1 -1 
-1 -1 
-1 -1 
-1 -1 
-1 -1 
0.4791 0.5209 
0.4773 0.5227 
0.4809 0.5191 
0.4938 0.5062 
0.4917 0.5083 
-1 -1 
-1 -1 
-1 -1 
-1 -1 
-1 -1 
0.4808 0.5192 
-1 -1 
-1 -1 
0.4939 0.5061 
0.4961 0.5039 
-1 -1 
0.4934 0.5066 
-1 -1 
0.4884 0.5116 
-1 -1 
-1 -1 
-1 -1 
-1 -1 
-1 -1 
0.4884 0.5116 
0.4833 0.5167 
-1 -1 
0.4823 0.5177 
0.4827 0.5173 
-1 -1 
-1 -1 
0.4925 0.5075 
-1 -1 
-1 -1 
-1 -1 
-1 -1 
0.4794 0.5206 
-1 -1 
-1 -1 
-1 -1 
0.4812 0.5188 
0.4952 0.5048 
-1 -1 
-1 -1 
0.4830 0.5170 
0.4815 0.5185 
0.4833 0.5167 
-1 -1 
-1 -1 
-1 -1 
0.4856 0.5144 
-1 -1 
-1 -1 
-1 -1 
-1 -1 
-1 -1 
-1 -1 
0.4698 0.5302 
-1 -1 
-1 -1 
0.4693 0.5307 
0.4719 0.5281 
-1 -1 
0.4704 0.5296 
-1 -1 
0.4924 0.5076 
-1 -1 
-1 -1 
-1 -1 
-1 -1 
-1 -1 
0.5140 0.4860 
0.4838 0.5162 
0.4856 0.5144 
-1 -1 
-1 -1 
0.4874 0.5126 
0.4902 0.5098 
-1 -1 
-1 -1 
-1 -1 
0.4932 0.5068 
-1 -1 
-1 -1 
0.5010 0.4990 
-1 -1 
0.4894 0.5106 
0.4916 0.5084 
0.4920 0.5080 
0.4937 0.5063 
-1 -1 
0.4907 0.5093 
-1 -1 
-1 -1 
0.4883 0.5117 
-1 -1 
0.4878 0.5122 
-1 -1 
0.4889 0.5111 
0.4867 0.5133 
0.4973 0.5027 
-1 -1 
0.5256 0.4744 
-1 -1 
-1 -1 
-1 -1 
-1 -1 
-1 -1 
-1 -1 
0.4893 0.5107 
-1 -1 
-1 -1 
0.5003 0.4997 
0.4971 0.5029 
0.4897 0.5103 
-1 -1 
-1 -1 
-1 -1 
0.4857 0.5143 
0.4830 0.5170 
-1 -1 
-1 -1 
0.4934 0.5066 
0.4875 0.5125 
-1 -1 
0.4865 0.5135 
0.4899 0.5101 
-1 -1 
-1 -1 
0.4917 0.5083 
0.4926 0.5074 
0.4677 0.5323 
0.4691 0.5309 
0.4683 0.5317 
-1 -1 
-1 -1 
0.4713 0.5287 
-1 -1 
-1 -1 
-1 -1 
-1 -1 
-1 -1 
-1 -1 
-1 -1 
-1 -1 
0.4778 0.5222 
0.4783 0.5217 
-1 -1 
-1 -1 
0.4878 0.5122 
-1 -1 
-1 -1 
-1 -1 
-1 -1 
-1 -1 
-1 -1 
0.4680 0.5320 
-1 -1 
0.4670 0.5330 
0.4837 0.5163 
-1 -1 
-1 -1 
0.4680 0.5320 
0.4666 0.5334 
0.4678 0.5322 
0.4973 0.5027 
-1 -1 
0.4930 0.5070 
-1 -1 
0.4718 0.5282 
-1 -1 
-1 -1 
-1 -1 
0.4818 0.5182 
0.4736 0.5264 
-1 -1 
-1 -1 
-1 -1 
-1 -1 
0.4729 0.5271 
0.4727 0.5273 
0.4702 0.5298 
0.4731 0.5269 
-1 -1 
-1 -1 
0.4976 0.5024 
-1 -1 
0.4942 0.5058 
-1 -1 
0.4923 0.5077 
-1 -1 
-1 -1 
0.4846 0.5154 
-1 -1 
0.4822 0.5178 
-1 -1 
-1 -1 
-1 -1 
0.4857 0.5143 
0.4858 0.5142 
0.4840 0.5160 
-1 -1 
-1 -1 
0.4837 0.5163 
0.4843 0.5157 
-1 -1 
0.4863 0.5137 
0.4907 0.5093 
-1 -1 
0.4895 0.5105 
0.4899 0.5101 
0.4857 0.5143 
0.4813 0.5187 
-1 -1 
0.4809 0.5191 
0.4795 0.5205 
0.4820 0.5180 
-1 -1 
0.4406 0.5594 
-1 -1 
0.4419 0.5581 
-1 -1 
-1 -1 
-1 -1 
-1 -1 
-1 -1 
-1 -1 
0.4383 0.5617 
0.4396 0.5604 
-1 -1 
-1 -1 
0.4411 0.5589 
-1 -1 
-1 -1 
-1 -1 
0.4719 0.5281 
-1 -1 
0.4755 0.5245 
-1 -1 
-1 -1 
-1 -1 
-1 -1 
-1 -1 
0.4676 0.5324 
-1 -1 
0.4655 0.5345 
-1 -1 
0.4662 0.5338 
-1 -1 
0.4661 0.5339 
-1 -1 
0.4803 0.5197 
-1 -1 
0.4813 0.5187 
-1 -1 
0.4816 0.5184 
-1 -1 
0.4926 0.5074 
0.4902 0.5098 
-1 -1 
-1 -1 
0.4764 0.5236 
0.4825 0.5175 
-1 -1 
-1 -1 
0.4794 0.5206 
0.4802 0.5198 
-1 -1 
0.4884 0.5116 
0.4871 0.5129 
0.4951 0.5049 
-1 -1 
-1 -1 
-1 -1 
0.4888 0.5112 
0.4592 0.5408 
0.4644 0.5356 
-1 -1 
-1 -1 
0.4624 0.5376 
0.4588 0.5412 
0.4588 0.5412 
-1 -1 
0.4584 0.5416 
0.4588 0.5412 
0.4597 0.5403 
0.4942 0.5058 
-1 -1 
-1 -1 
0.4829 0.5171 
0.4823 0.5177 
-1 -1 
-1 -1 
0.4879 0.5121 
0.4877 0.5123 
0.4888 0.5112 
-1 -1 
-1 -1 
0.4921 0.5079 
-1 -1 
-1 -1 
-1 -1 
-1 -1 
-1 -1 
0.4873 0.5127 
-1 -1 
0.4896 0.5104 
-1 -1 
-1 -1 
0.4938 0.5062 
0.4956 0.5044 
0.4929 0.5071 
-1 -1 
0.4921 0.5079 
-1 -1 
-1 -1 
0.4910 0.5090 
-1 -1 
0.4716 0.5284 
-1 -1 
-1 -1 
0.4726 0.5274 
0.4695 0.5305 
-1 -1 
0.4703 0.5297 
0.4948 0.5052 
0.4925 0.5075 
-1 -1 
-1 -1 
-1 -1 
-1 -1 
-1 -1 
-1 -1 
-1 -1 
-1 -1 
0.4685 0.5315 
0.4648 0.5352 
-1 -1 
0.4968 0.5032 
0.4945 0.5055 
0.4718 0.5282 
-1 -1 
-1 -1 
-1 -1 
0.4726 0.5274 
0.4737 0.5263 
0.4719 0.5281 
0.4704 0.5296 
0.4940 0.5060 
-1 -1 
0.4858 0.5142 
0.4855 0.5145 
-1 -1 
-1 -1 
-1 -1 
0.4870 0.5130 
-1 -1 
-1 -1 
0.4916 0.5084 
0.4910 0.5090 
0.4799 0.5201 
0.4803 0.5197 
0.4807 0.5193 
0.4824 0.5176 
0.4800 0.5200 
0.4858 0.5142 
0.4889 0.5111 
-1 -1 
0.4939 0.5061 
-1 -1 
0.4860 0.5140 
0.4862 0.5138 
0.4954 0.5046 
0.4971 0.5029 
0.5034 0.4966 
0.4710 0.5290 
0.4712 0.5288 
-1 -1 
-1 -1 
0.4692 0.5308 
-1 -1 
0.4679 0.5321 
-1 -1 
-1 -1 
0.4777 0.5223 
-1 -1 
-1 -1 
-1 -1 
0.4943 0.5057 
-1 -1 
0.4922 0.5078 
-1 -1 
0.4885 0.5115 
-1 -1 
-1 -1 
-1 -1 
-1 -1 
-1 -1 
-1 -1 
-1 -1 
-1 -1 
0.4907 0.5093 
-1 -1 
-1 -1 
-1 -1 
-1 -1 
0.4831 0.5169 
-1 -1 
0.4877 0.5123 
-1 -1 
-1 -1 
0.4949 0.5051 
0.4849 0.5151 
0.4836 0.5164 
0.4850 0.5150 
0.4860 0.5140 
-1 -1 
0.4898 0.5102 
0.4878 0.5122 
0.4848 0.5152 
-1 -1 
-1 -1 
0.4874 0.5126 
-1 -1 
-1 -1 
0.4795 0.5205 
0.4809 0.5191 
-1 -1 
-1 -1 
-1 -1 
0.4947 0.5053 
-1 -1 
-1 -1 
0.4939 0.5061 
-1 -1 
-1 -1 
-1 -1 
-1 -1 
0.4862 0.5138 
0.4959 0.5041 
0.4907 0.5093 
0.4946 0.5054 
-1 -1 
0.4832 0.5168 
0.4845 0.5155 
-1 -1 
0.4859 0.5141 
-1 -1 
-1 -1 
0.4905 0.5095 
0.4879 0.5121 
-1 -1 
-1 -1 
0.3580 0.6420 
-1 -1 
-1 -1 
0.3567 0.6433 
0.3586 0.6414 
0.3578 0.6422 
0.3595 0.6405 
-1 -1 
-1 -1 
0.3571 0.6429 
0.3759 0.6241 
-1 -1 
-1 -1 
-1 -1 
0.4890 0.5110 
0.4883 0.5117 
-1 -1 
-1 -1 
0.4900 0.5100 
0.4880 0.5120 
0.4899 0.5101 
0.4898 0.5102 
0.4956 0.5044 
-1 -1 
-1 -1 
-1 -1 
-1 -1 
-1 -1 
0.4938 0.5062 
-1 -1 
0.4947 0.5053 
0.4914 0.5086 
0.4918 0.5082 
-1 -1 
-1 -1 
-1 -1 
-1 -1 
-1 -1 
0.4957 0.5043 
0.4985 0.5015 
0.4939 0.5061 
-1 -1 
0.4928 0.5072 
-1 -1 
0.4910 0.5090 
-1 -1 
0.4967 0.5033 
0.4919 0.5081 
-1 -1 
0.4905 0.5095 
0.4913 0.5087 
0.4807 0.5193 
0.4813 0.5187 
-1 -1 
0.4778 0.5222 
-1 -1 
0.4948 0.5052 
-1 -1 
-1 -1 
-1 -1 
0.4969 0.5031 
0.4924 0.5076 
0.4929 0.5071 
0.4862 0.5138 
-1 -1 
-1 -1 
0.4855 0.5145 
0.4953 0.5047 
0.4782 0.5218 
0.5132 0.4868 
-1 -1 
0.4756 0.5244 
-1 -1 
-1 -1 
-1 -1 
0.4873 0.5127 
0.4874 0.5126 
0.4867 0.5133 
-1 -1 
0.4940 0.5060 
-1 -1 
0.4770 0.5230 
-1 -1 
-1 -1 
-1 -1 
-1 -1 
0.4743 0.5257 
-1 -1 
0.4982 0.5018 
-1 -1 
0.4935 0.5065 
0.4930 0.5070 
-1 -1 
0.4931 0.5069 
0.4870 0.5130 
-1 -1 
0.4871 0.5129 
0.4876 0.5124 
-1 -1 
0.4931 0.5069 
0.4936 0.5064 
0.4314 0.5686 
-1 -1 
0.4304 0.5696 
-1 -1 
0.4313 0.5687 
0.4323 0.5677 
-1 -1 
0.4332 0.5668 
0.4331 0.5669 
0.4318 0.5682 
-1 -1 
-1 -1 
0.4312 0.5688 
-1 -1 
-1 -1 
0.4312 0.5688 
-1 -1 
0.4316 0.5684 
-1 -1 
0.4303 0.5697 
-1 -1 
-1 -1 
-1 -1 
0.4856 0.5144 
0.4966 0.5034 
-1 -1 
-1 -1 
-1 -1 
-1 -1 
0.4942 0.5058 
-1 -1 
-1 -1 
-1 -1 
-1 -1 
0.4877 0.5123 
0.4661 0.5339 
-1 -1 
-1 -1 
-1 -1 
-1 -1 
0.4654 0.5346 
0.4676 0.5324 
0.4657 0.5343 
0.4656 0.5344 
0.4646 0.5354 
-1 -1 
-1 -1 
-1 -1 
-1 -1 
0.4918 0.5082 
0.4553 0.5447 
-1 -1 
0.4624 0.5376 
0.4557 0.5443 
-1 -1 
-1 -1 
-1 -1 
-1 -1 
0.4908 0.5092 
0.4960 0.5040 
-1 -1 
-1 -1 
0.4962 0.5038 
0.4870 0.5130 
0.4858 0.5142 
-1 -1 
-1 -1 
0.4872 0.5128 
0.4905 0.5095 
-1 -1 
0.4866 0.5134 
-1 -1 
0.4871 0.5129 
0.4954 0.5046 
-1 -1 
-1 -1 
-1 -1 
0.4976 0.5024 
0.4949 0.5051 
0.4965 0.5035 
-1 -1 
0.4866 0.5134 
0.4898 0.5102 
0.4862 0.5138 
0.4845 0.5155 
-1 -1 
-1 -1 
0.4453 0.5547 
0.4424 0.5576 
0.4426 0.5574 
-1 -1 
0.4416 0.5584 
-1 -1 
0.4401 0.5599 
-1 -1 
0.4912 0.5088 
-1 -1 
-1 -1 
-1 -1 
0.4735 0.5265 
-1 -1 
0.4761 0.5239 
-1 -1 
-1 -1 
0.4971 0.5029 
-1 -1 
0.4902 0.5098 
-1 -1 
-1 -1 
0.4886 0.5114 
0.4893 0.5107 
0.4894 0.5106 
-1 -1 
-1 -1 
0.4872 0.5128 
0.4853 0.5147 
0.4850 0.5150 
0.4972 0.5028 
-1 -1 
0.4948 0.5052 
-1 -1 
0.4896 0.5104 
-1 -1 
0.4892 0.5108 
-1 -1 
-1 -1 
0.4649 0.5351 
0.4669 0.5331 
0.4632 0.5368 
-1 -1 
-1 -1 
0.4613 0.5387 
0.4605 0.5395 
-1 -1 
-1 -1 
-1 -1 
0.4920 0.5080 
-1 -1 
-1 -1 
-1 -1 
-1 -1 
0.4796 0.5204 
-1 -1 
-1 -1 
-1 -1 
0.4848 0.5152 
0.4866 0.5134 
-1 -1 
-1 -1 
-1 -1 
-1 -1 
-1 -1 
0.4826 0.5174 
0.4876 0.5124 
0.4883 0.5117 
-1 -1 
0.4884 0.5116 
0.4875 0.5125 
0.4955 0.5045 
-1 -1 
-1 -1 
-1 -1 
0.4899 0.5101 
0.4959 0.5041 
0.4942 0.5058 
0.4973 0.5027 
0.4946 0.5054 
-1 -1 
-1 -1 
-1 -1 
-1 -1 
-1 -1 
0.4788 0.5212 
0.4923 0.5077 
0.4916 0.5084 
-1 -1 
0.4957 0.5043 
0.4902 0.5098 
-1 -1 
-1 -1 
-1 -1 
0.5346 0.4654 
0.4893 0.5107 
0.4885 0.5115 
0.4892 0.5108 
0.4970 0.5030 
-1 -1 
0.5336 0.4664 
0.4948 0.5052 
0.4796 0.5204 
0.4829 0.5171 
-1 -1 
-1 -1 
-1 -1 
-1 -1 
-1 -1 
-1 -1 
0.4850 0.5150 
0.4833 0.5167 
0.4851 0.5149 
0.4946 0.5054 
0.4923 0.5077 
0.4811 0.5189 
0.4803 0.5197 
0.4787 0.5213 
0.4788 0.5212 
-1 -1 
0.4928 0.5072 
0.4911 0.5089 
-1 -1 
-1 -1 
0.4952 0.5048 
0.4869 0.5131 
-1 -1 
0.4872 0.5128 
-1 -1 
-1 -1 
-1 -1 
-1 -1 
0.4837 0.5163 
0.4950 0.5050 
0.4977 0.5023 
0.4924 0.5076 
-1 -1 
0.4951 0.5049 
0.4972 0.5028 
-1 -1 
0.4869 0.5131 
-1 -1 
-1 -1 
0.4976 0.5024 
0.4924 0.5076 
0.4913 0.5087 
-1 -1 
0.4967 0.5033 
-1 -1 
-1 -1 
0.4894 0.5106 
-1 -1 
-1 -1 
0.4880 0.5120 
-1 -1 
0.4933 0.5067 
-1 -1 
-1 -1 
0.4872 0.5128 
0.4905 0.5095 
0.4896 0.5104 
0.4980 0.5020 
0.4904 0.5096 
0.4995 0.5005 
-1 -1 
0.4948 0.5052 
0.4962 0.5038 
-1 -1 
-1 -1 
0.4872 0.5128 
0.4843 0.5157 
-1 -1 
0.4824 0.5176 
0.4861 0.5139 
-1 -1 
-1 -1 
0.4912 0.5088 
-1 -1 
0.4884 0.5116 
0.4788 0.5212 
0.4816 0.5184 
-1 -1 
0.4797 0.5203 
-1 -1 
0.4805 0.5195 
-1 -1 
0.4799 0.5201 
-1 -1 
-1 -1 
0.4764 0.5236 
0.4902 0.5098 
-1 -1 
-1 -1 
-1 -1 
-1 -1 
0.4895 0.5105 
-1 -1 
0.4916 0.5084 
-1 -1 
0.4881 0.5119 
-1 -1 
-1 -1 
-1 -1 
0.4900 0.5100 
0.4912 0.5088 
-1 -1 
-1 -1 
0.4900 0.5100 
0.4889 0.5111 
-1 -1 
-1 -1 
-1 -1 
-1 -1 
0.4901 0.5099 
-1 -1 
-1 -1 
0.4975 0.5025 
-1 -1 
-1 -1 
0.4868 0.5132 
-1 -1 
0.4861 0.5139 
0.4838 0.5162 
-1 -1 
0.4937 0.5063 
0.4970 0.5030 
0.4945 0.5055 
0.4821 0.5179 
-1 -1 
-1 -1 
-1 -1 
-1 -1 
-1 -1 
-1 -1 
-1 -1 
0.5039 0.4961 
0.4923 0.5077 
-1 -1 
0.4936 0.5064 
0.4848 0.5152 
-1 -1 
0.4865 0.5135 
0.4868 0.5132 
-1 -1 
-1 -1 
0.4940 0.5060 
0.4851 0.5149 
0.4851 0.5149 
0.4860 0.5140 
0.4865 0.5135 
0.4934 0.5066 
-1 -1 
-1 -1 
-1 -1 
0.4874 0.5126 
-1 -1 
-1 -1 
-1 -1 
0.4685 0.5315 
0.4721 0.5279 
-1 -1 
-1 -1 
0.4675 0.5325 
-1 -1 
0.4823 0.5177 
-1 -1 
0.4826 0.5174 
-1 -1 
0.4824 0.5176 
0.4690 0.5310 
0.4679 0.5321 
-1 -1 
-1 -1 
-1 -1 
0.4694 0.5306 
0.4685 0.5315 
-1 -1 
0.4701 0.5299 
-1 -1 
0.4904 0.5096 
0.4890 0.5110 
-1 -1 
-1 -1 
0.4782 0.5218 
0.4772 0.5228 
0.4765 0.5235 
-1 -1 
-1 -1 
-1 -1 
0.4818 0.5182 
-1 -1 
0.4750 0.5250 
0.4687 0.5313 
0.4700 0.5300 
-1 -1 
-1 -1 
0.4925 0.5075 
-1 -1 
0.4778 0.5222 
0.4778 0.5222 
0.4788 0.5212 
-1 -1 
0.4781 0.5219 
0.4868 0.5132 
-1 -1 
-1 -1 
0.4901 0.5099 
-1 -1 
0.4689 0.5311 
-1 -1 
-1 -1 
-1 -1 
0.4701 0.5299 
-1 -1 
0.4681 0.5319 
0.4692 0.5308 
0.4928 0.5072 
-1 -1 
-1 -1 
-1 -1 
-1 -1 
0.4812 0.5188 
0.4823 0.5177 
0.4795 0.5205 
0.4804 0.5196 
0.4907 0.5093 
-1 -1 
0.4877 0.5123 
-1 -1 
0.4797 0.5203 
-1 -1 
0.4815 0.5185 
0.4811 0.5189 
0.4788 0.5212 
-1 -1 
-1 -1 
0.4805 0.5195 
0.4783 0.5217 
0.4874 0.5126 
-1 -1 
-1 -1 
0.4853 0.5147 
-1 -1 
0.4871 0.5129 
-1 -1 
-1 -1 
-1 -1 
-1 -1 
0.4736 0.5264 
0.4728 0.5272 
-1 -1 
0.4911 0.5089 
0.4942 0.5058 
0.4839 0.5161 
0.4823 0.5177 
-1 -1 
0.4848 0.5152 
0.4907 0.5093 
-1 -1 
-1 -1 
-1 -1 
-1 -1 
0.4975 0.5025 
-1 -1 
0.4961 0.5039 
-1 -1 
-1 -1 
0.4852 0.5148 
0.4841 0.5159 
0.4816 0.5184 
-1 -1 
-1 -1 
0.4919 0.5081 
-1 -1 
-1 -1 
-1 -1 
0.4950 0.5050 
-1 -1 
0.4902 0.5098 
-1 -1 
0.4898 0.5102 
0.4885 0.5115 
-1 -1 
0.4861 0.5139 
0.4920 0.5080 
0.4895 0.5105 
0.4892 0.5108 
0.4869 0.5131 
0.4976 0.5024 
-1 -1 
-1 -1 
0.4907 0.5093 
0.4942 0.5058 
0.4950 0.5050 
-1 -1 
0.4878 0.5122 
0.4896 0.5104 
0.4862 0.5138 
0.4907 0.5093 
-1 -1 
-1 -1 
0.4905 0.5095 
0.4917 0.5083 
-1 -1 
0.4928 0.5072 
-1 -1 
-1 -1 
0.4903 0.5097 
-1 -1 
0.4915 0.5085 
0.4955 0.5045 
0.4928 0.5072 
-1 -1 
0.4976 0.5024 
-1 -1 
0.4941 0.5059 
-1 -1 
-1 -1 
0.4744 0.5256 
-1 -1 
0.4724 0.5276 
-1 -1 
0.4760 0.5240 
0.4933 0.5067 
-1 -1 
0.4919 0.5081 
0.4794 0.5206 
-1 -1 
0.4752 0.5248 
-1 -1 
0.4786 0.5214 
0.4783 0.5217 
-1 -1 
0.4846 0.5154 
-1 -1 
-1 -1 
0.4951 0.5049 
-1 -1 
-1 -1 
0.4946 0.5054 
0.4847 0.5153 
-1 -1 
-1 -1 
-1 -1 
-1 -1 
-1 -1 
-1 -1 
0.4851 0.5149 
0.4888 0.5112 
0.4891 0.5109 
0.4909 0.5091 
-1 -1 
0.4890 0.5110 
0.4890 0.5110 
0.4905 0.5095 
-1 -1 
-1 -1 
-1 -1 
-1 -1 
0.4786 0.5214 
0.4806 0.5194 
-1 -1 
-1 -1 
0.4964 0.5036 
0.4921 0.5079 
0.5005 0.4995 
-1 -1 
-1 -1 
-1 -1 
-1 -1 
0.4896 0.5104 
-1 -1 
-1 -1 
0.4801 0.5199 
-1 -1 
-1 -1 
-1 -1 
0.4922 0.5078 
0.4913 0.5087 
-1 -1 
0.4886 0.5114 
0.4899 0.5101 
-1 -1 
-1 -1 
-1 -1 
-1 -1 
-1 -1 
-1 -1 
0.4955 0.5045 
-1 -1 
0.4911 0.5089 
-1 -1 
0.4747 0.5253 
-1 -1 
-1 -1 
-1 -1 
-1 -1 
0.4738 0.5262 
0.4824 0.5176 
0.4856 0.5144 
-1 -1 
-1 -1 
0.4865 0.5135 
-1 -1 
0.4862 0.5138 
-1 -1 
0.4966 0.5034 
0.4904 0.5096 
0.4909 0.5091 
-1 -1 
0.4933 0.5067 
-1 -1 
0.4888 0.5112 
-1 -1 
0.4852 0.5148 
0.4852 0.5148 
-1 -1 
0.4854 0.5146 
-1 -1 
-1 -1 
-1 -1 
-1 -1 
-1 -1 
0.4735 0.5265 
-1 -1 
-1 -1 
-1 -1 
-1 -1 
-1 -1 
-1 -1 
-1 -1 
-1 -1 
-1 -1 
-1 -1 
-1 -1 
-1 -1 
0.4885 0.5115 
0.4885 0.5115 
-1 -1 
0.4934 0.5066 
0.4927 0.5073 
0.4925 0.5075 
0.4897 0.5103 
0.4974 0.5026 
0.4805 0.5195 
-1 -1 
-1 -1 
0.4808 0.5192 
-1 -1 
0.4859 0.5141 
-1 -1 
-1 -1 
0.4872 0.5128 
0.4893 0.5107 
-1 -1 
-1 -1 
0.4888 0.5112 
-1 -1 
-1 -1 
-1 -1 
0.4837 0.5163 
-1 -1 
0.4827 0.5173 
-1 -1 
-1 -1 
-1 -1 
-1 -1 
0.4921 0.5079 
-1 -1 
-1 -1 
-1 -1 
-1 -1 
0.4692 0.5308 
-1 -1 
0.4682 0.5318 
-1 -1 
-1 -1 
-1 -1 
-1 -1 
-1 -1 
0.4917 0.5083 
-1 -1 
0.4927 0.5073 
-1 -1 
0.4977 0.5023 
0.4971 0.5029 
0.4939 0.5061 
-1 -1 
0.4904 0.5096 
0.4909 0.5091 
-1 -1 
0.4905 0.5095 
0.4906 0.5094 
-1 -1 
0.4952 0.5048 
0.4928 0.5072 
-1 -1 
-1 -1 
0.4841 0.5159 
-1 -1 
-1 -1 
-1 -1 
-1 -1 
0.4898 0.5102 
-1 -1 
0.4725 0.5275 
-1 -1 
-1 -1 
0.4759 0.5241 
0.4714 0.5286 
-1 -1 
0.4720 0.5280 
-1 -1 
0.4813 0.5187 
-1 -1 
0.4815 0.5185 
0.4816 0.5184 
0.4795 0.5205 
0.4949 0.5051 
-1 -1 
-1 -1 
0.4930 0.5070 
0.4930 0.5070 
-1 -1 
0.4944 0.5056 
0.4833 0.5167 
0.4821 0.5179 
0.4828 0.5172 
0.4824 0.5176 
0.4955 0.5045 
0.4937 0.5063 
0.4939 0.5061 
-1 -1 
-1 -1 
0.4933 0.5067 
-1 -1 
0.4938 0.5062 
0.4961 0.5039 
0.4907 0.5093 
0.4925 0.5075 
-1 -1 
0.4957 0.5043 
-1 -1 
-1 -1 
-1 -1 
0.4922 0.5078 
0.4802 0.5198 
0.4802 0.5198 
-1 -1 
0.4794 0.5206 
-1 -1 
-1 -1 
0.4950 0.5050 
-1 -1 
0.4640 0.5360 
0.4664 0.5336 
0.4659 0.5341 
-1 -1 
-1 -1 
-1 -1 
0.4648 0.5352 
-1 -1 
0.4648 0.5352 
0.4986 0.5014 
-1 -1 
0.4912 0.5088 
-1 -1 
0.4940 0.5060 
0.4974 0.5026 
-1 -1 
0.4888 0.5112 
-1 -1 
-1 -1 
0.4963 0.5037 
-1 -1 
0.4959 0.5041 
0.4935 0.5065 
0.4902 0.5098 
0.4902 0.5098 
-1 -1 
0.4900 0.5100 
-1 -1 
0.4885 0.5115 
0.4871 0.5129 
-1 -1 
-1 -1 
-1 -1 
-1 -1 
-1 -1 
-1 -1 
0.4511 0.5489 
0.4532 0.5468 
-1 -1 
0.4506 0.5494 
0.4486 0.5514 
-1 -1 
-1 -1 
-1 -1 
0.4486 0.5514 
-1 -1 
0.4530 0.5470 
-1 -1 
0.4916 0.5084 
0.4906 0.5094 
0.4900 0.5100 
0.4847 0.5153 
0.4848 0.5152 
-1 -1 
0.4850 0.5150 
-1 -1 
-1 -1 
0.4860 0.5140 
0.4761 0.5239 
-1 -1 
0.4743 0.5257 
-1 -1 
0.4735 0.5265 
-1 -1 
0.4742 0.5258 
0.4753 0.5247 
-1 -1 
-1 -1 
-1 -1 
-1 -1 
0.4834 0.5166 
0.4828 0.5172 
-1 -1 
-1 -1 
-1 -1 
-1 -1 
0.4962 0.5038 
-1 -1 
-1 -1 
-1 -1 
0.4876 0.5124 
-1 -1 
0.4979 0.5021 
0.4979 0.5021 
0.4973 0.5027 
-1 -1 
0.4960 0.5040 
0.4785 0.5215 
0.4784 0.5216 
0.4763 0.5237 
0.4806 0.5194 
-1 -1 
-1 -1 
0.4921 0.5079 
-1 -1 
-1 -1 
-1 -1 
-1 -1 
0.4890 0.5110 
-1 -1 
0.4615 0.5385 
0.4637 0.5363 
0.4638 0.5362 
-1 -1 
-1 -1 
-1 -1 
0.4898 0.5102 
0.4917 0.5083 
-1 -1 
-1 -1 
0.4906 0.5094 
-1 -1 
-1 -1 
0.4974 0.5026 
0.4947 0.5053 
-1 -1 
0.4907 0.5093 
-1 -1 
0.4896 0.5104 
0.4896 0.5104 
-1 -1 
-1 -1 
0.4892 0.5108 
-1 -1 
-1 -1 
0.4851 0.5149 
0.4883 0.5117 
-1 -1 
-1 -1 
-1 -1 
0.4964 0.5036 
0.4942 0.5058 
-1 -1 
0.4946 0.5054 
-1 -1 
-1 -1 
0.4789 0.5211 
-1 -1 
0.4789 0.5211 
0.4779 0.5221 
0.4813 0.5187 
-1 -1 
0.4941 0.5059 
0.4910 0.5090 
-1 -1 
0.4935 0.5065 
0.4855 0.5145 
-1 -1 
0.4865 0.5135 
0.4859 0.5141 
-1 -1 
-1 -1 
0.4851 0.5149 
0.4846 0.5154 
0.4972 0.5028 
0.4804 0.5196 
0.4831 0.5169 
-1 -1 
0.4835 0.5165 
-1 -1 
0.4792 0.5208 
0.4814 0.5186 
0.4807 0.5193 
-1 -1 
0.4815 0.5185 
0.4792 0.5208 
0.4799 0.5201 
-1 -1 
0.4783 0.5217 
0.4813 0.5187 
0.5078 0.4922 
-1 -1 
0.4733 0.5267 
0.4731 0.5269 
0.4752 0.5248 
-1 -1 
-1 -1 
0.4726 0.5274 
0.4918 0.5082 
-1 -1 
0.4841 0.5159 
-1 -1 
0.4853 0.5147 
0.4840 0.5160 
-1 -1 
-1 -1 
-1 -1 
0.4853 0.5147 
-1 -1 
0.4746 0.5254 
-1 -1 
-1 -1 
-1 -1 
-1 -1 
0.4634 0.5366 
-1 -1 
-1 -1 
-1 -1 
0.4807 0.5193 
0.4808 0.5192 
0.4815 0.5185 
-1 -1 
0.4610 0.5390 
0.4583 0.5417 
0.4574 0.5426 
0.4655 0.5345 
0.4554 0.5446 
0.4556 0.5444 
0.4589 0.5411 
0.4590 0.5410 
0.4604 0.5396 
-1 -1 
0.4597 0.5403 
0.4725 0.5275 
-1 -1 
0.4676 0.5324 
-1 -1 
-1 -1 
0.4708 0.5292 
0.4664 0.5336 
-1 -1 
-1 -1 
-1 -1 
-1 -1 
-1 -1 
-1 -1 
0.4658 0.5342 
0.4664 0.5336 
0.4652 0.5348 
-1 -1 
0.4782 0.5218 
-1 -1 
0.4787 0.5213 
0.4773 0.5227 
-1 -1 
-1 -1 
0.4575 0.5425 
0.4569 0.5431 
0.4581 0.5419 
-1 -1 
-1 -1 
0.4565 0.5435 
-1 -1 
0.4518 0.5482 
0.4529 0.5471 
-1 -1 
0.4564 0.5436 
0.4447 0.5553 
0.4433 0.5567 
-1 -1 
-1 -1 
0.4443 0.5557 
0.4442 0.5558 
-1 -1 
0.4439 0.5561 
-1 -1 
0.4480 0.5520 
-1 -1 
0.4418 0.5582 
0.4453 0.5547 
0.4423 0.5577 
0.4438 0.5562 
0.4433 0.5567 
0.4871 0.5129 
-1 -1 
-1 -1 
-1 -1 
-1 -1 
-1 -1 
-1 -1 
-1 -1 
0.4640 0.5360 
-1 -1 
0.4644 0.5356 
0.4635 0.5365 
-1 -1 
0.4741 0.5259 
-1 -1 
0.4766 0.5234 
0.4762 0.5238 
0.4783 0.5217 
0.4767 0.5233 
-1 -1 
0.4846 0.5154 
0.4872 0.5128 
-1 -1 
-1 -1 
0.4971 0.5029 
-1 -1 
0.4772 0.5228 
0.4770 0.5230 
-1 -1 
0.4763 0.5237 
0.4780 0.5220 
-1 -1 
-1 -1 
-1 -1 
-1 -1 
-1 -1 
0.5113 0.4887 
0.4941 0.5059 
-1 -1 
-1 -1 
0.4787 0.5213 
-1 -1 
-1 -1 
-1 -1 
-1 -1 
-1 -1 
0.4863 0.5137 
0.4813 0.5187 
-1 -1 
-1 -1 
-1 -1 
0.4816 0.5184 
-1 -1 
0.4885 0.5115 
-1 -1 
-1 -1 
0.4838 0.5162 
0.4812 0.5188 
0.4812 0.5188 
0.4850 0.5150 
0.4969 0.5031 
-1 -1 
-1 -1 
-1 -1 
0.4719 0.5281 
-1 -1 
0.4730 0.5270 
-1 -1 
-1 -1 
-1 -1 
-1 -1 
-1 -1 
-1 -1 
0.4852 0.5148 
-1 -1 
-1 -1 
-1 -1 
0.4902 0.5098 
-1 -1 
0.4762 0.5238 
-1 -1 
0.4766 0.5234 
0.4749 0.5251 
-1 -1 
-1 -1 
-1 -1 
-1 -1 
0.4907 0.5093 
0.4842 0.5158 
-1 -1 
-1 -1 
-1 -1 
-1 -1 
0.4860 0.5140 
0.4870 0.5130 
0.4891 0.5109 
-1 -1 
-1 -1 
-1 -1 
0.4872 0.5128 
0.4874 0.5126 
0.4856 0.5144 
-1 -1 
-1 -1 
-1 -1 
-1 -1 
0.4920 0.5080 
0.4899 0.5101 
0.4896 0.5104 
-1 -1 
-1 -1 
-1 -1 
0.4829 0.5171 
0.4843 0.5157 
0.4809 0.5191 
0.4817 0.5183 
0.4831 0.5169 
0.4934 0.5066 
0.4907 0.5093 
0.4913 0.5087 
0.4924 0.5076 
-1 -1 
0.4937 0.5063 
0.4924 0.5076 
-1 -1 
-1 -1 
0.5043 0.4957 
0.4625 0.5375 
0.4596 0.5404 
-1 -1 
-1 -1 
-1 -1 
0.4654 0.5346 
-1 -1 
-1 -1 
-1 -1 
0.4637 0.5363 
-1 -1 
0.4741 0.5259 
-1 -1 
0.4733 0.5267 
0.4739 0.5261 
0.4732 0.5268 
0.4741 0.5259 
-1 -1 
-1 -1 
0.4669 0.5331 
0.4732 0.5268 
0.4911 0.5089 
-1 -1 
-1 -1 
-1 -1 
0.4702 0.5298 
-1 -1 
0.4900 0.5100 
0.4897 0.5103 
0.4892 0.5108 
-1 -1 
-1 -1 
-1 -1 
-1 -1 
-1 -1 
0.4890 0.5110 
0.4845 0.5155 
0.4871 0.5129 
-1 -1 
-1 -1 
0.4796 0.5204 
-1 -1 
-1 -1 
0.4817 0.5183 
0.4796 0.5204 
0.4463 0.5537 
0.4473 0.5527 
0.4471 0.5529 
-1 -1 
-1 -1 
0.4430 0.5570 
0.4460 0.5540 
0.4460 0.5540 
0.4502 0.5498 
0.4450 0.5550 
0.4456 0.5544 
-1 -1 
0.4442 0.5558 
-1 -1 
-1 -1 
