#
# Graph: ../as20graph.txt -> as20graph as20graph. A=0.001, K=10-1.5-100M, Cvr=10, SzFrc=0.001 G(6474, 13233) (Wed Jun 08 08:52:26 2011)
#
# k (number of nodes in the cluster)	ORIGINAL MIN (6474, 13233)
1	1
2	0.333333
3	0.2
4	0.142857
5	0.111111
6	0.166667
7	0.142857
8	0.125
9	0.157895
10	0.1
11	0.166667
12	0.12
13	0.111111
14	0.103448
15	0.0967742
16	0.117647
17	0.135135
18	0.105263
19	0.121951
20	0.136364
21	0.183673
22	0.176471
23	0.169811
24	0.148148
25	0.127273
26	0.107143
27	0.0877193
28	0.0847458
29	0.0666667
30	0.0645161
31	0.117647
32	0.101449
33	0.0857143
34	0.0833333
35	0.160494
36	0.146341
37	0.13253
38	0.119048
39	0.105882
40	0.0930233
41	0.0804598
42	0.0786517
43	0.0769231
44	0.0752688
45	0.161905
46	0.150943
47	0.15
48	0.147541
49	0.145161
50	0.142857
51	0.144578
52	0.142857
53	0.146199
54	0.154286
55	0.160839
56	0.164384
57	0.165563
58	0.157895
59	0.160221
60	0.15736
61	0.15847
62	0.159574
63	0.157895
64	0.158974
65	0.153061
66	0.151515
67	0.141026
68	0.139241
69	0.132075
70	0.130435
71	0.128834
72	0.121951
73	0.120482
74	0.119048
75	0.117647
76	0.116279
77	0.114943
78	0.118644
79	0.117318
80	0.116022
81	0.114754
82	0.113514
83	0.112299
84	0.111111
85	0.109948
86	0.113402
87	0.121212
88	0.124378
89	0.127451
90	0.126214
91	0.129187
92	0.160584
93	0.156364
94	0.155235
95	0.151786
96	0.146667
97	0.141593
98	0.136564
99	0.131579
100	0.126638
101	0.121739
102	0.116883
103	0.123404
104	0.118644
105	0.118367
106	0.117409
107	0.116466
108	0.115538
109	0.114625
110	0.113725
111	0.11284
112	0.115385
113	0.114504
114	0.116981
116	0.122807
117	0.119534
118	0.116279
119	0.113043
120	0.108571
122	0.103448
123	0.102857
124	0.103064
125	0.1
126	0.0994475
128	0.100271
129	0.0997305
130	0.0991957
131	0.0986667
133	0.0961039
134	0.0956072
135	0.0974359
137	0.112219
138	0.111663
139	0.117647
141	0.11271
142	0.114286
144	0.117318
145	0.114206
147	0.112948
148	0.10989
149	0.111717
151	0.112903
153	0.111702
154	0.113456
156	0.11399
157	0.111111
159	0.109974
160	0.113924
162	0.114428
163	0.120988
166	0.133333
167	0.138889
169	0.140909
170	0.140271
172	0.150442
173	0.151648
175	0.156989
178	0.15444
179	0.153846
180	0.151052
182	0.154717
184	0.155624
186	0.156442
189	0.154887
190	0.153153
192	0.151786
194	0.155425
196	0.152047
198	0.149492
199	0.149059
201	0.153076
203	0.161744
206	0.164179
208	0.161184
209	0.162029
212	0.163166
215	0.162939
216	0.178462
219	0.175573
221	0.171994
222	0.173979
226	0.175595
227	0.179412
229	0.178363
232	0.178003
233	0.178161
236	0.19468
238	0.197605
242	0.202142
243	0.200535
247	0.211964
249	0.20882
250	0.207254
253	0.207692
255	0.209657
259	0.208543
262	0.206983
263	0.206468
267	0.218029
269	0.217119
273	0.221463
275	0.217054
278	0.213527
281	0.210019
284	0.206532
287	0.203065
289	0.201144
291	0.19962
293	0.200378
298	0.20259
299	0.201472
304	0.237274
307	0.234079
310	0.232877
311	0.232479
315	0.232854
318	0.280309
323	0.278161
326	0.275229
330	0.271341
333	0.268441
336	0.265554
338	0.264194
341	0.295397
344	0.297432
350	0.299242
353	0.297414
357	0.292857
360	0.288857
363	0.284908
368	0.284416
370	0.282337
372	0.285517
379	0.288022
382	0.286479
386	0.285429
387	0.286472
394	0.288613
397	0.28804
399	0.288193
406	0.286344
409	0.284855
414	0.282526
418	0.280911
422	0.28125
424	0.279357
431	0.278427
435	0.277631
437	0.277807
444	0.276907
449	0.276596
453	0.275542
455	0.275347
462	0.276336
466	0.275949
468	0.276853
473	0.278166
481	0.282051
486	0.279036
490	0.276923
496	0.276798
499	0.27712
502	0.277778
508	0.285773
516	0.287946
521	0.285372
526	0.282418
527	0.282764
534	0.28499
541	0.286364
548	0.286876
553	0.285165
556	0.28325
564	0.280822
570	0.27782
575	0.275924
581	0.274286
587	0.272255
592	0.27024
599	0.268362
605	0.266081
611	0.263379
617	0.261549
623	0.256254
630	0.252688
636	0.250334
642	0.24834
649	0.245718
655	0.244182
662	0.242681
668	0.242656
675	0.240635
677	0.239
689	0.240718
696	0.23909
703	0.236141
710	0.234756
716	0.233101
724	0.231278
728	0.23003
738	0.224792
746	0.223072
752	0.221701
757	0.221053
768	0.21919
776	0.214407
784	0.211268
792	0.209524
800	0.207368
808	0.205107
816	0.204143
820	0.203044
832	0.201044
840	0.19824
846	0.197013
857	0.1926
866	0.189886
873	0.187784
883	0.185965
889	0.184263
895	0.184028
910	0.183085
919	0.182194
926	0.181053
935	0.179732
947	0.176749
957	0.172845
966	0.171238
973	0.169682
977	0.169519
995	0.167334
997	0.166815
1015	0.165606
1026	0.163573
1034	0.161781
1040	0.16136
1057	0.160764
1067	0.160547
1078	0.159067
1089	0.158273
1100	0.154835
1105	0.153911
1122	0.154492
1133	0.153486
1144	0.151369
1153	0.151661
1167	0.150647
1174	0.149156
1191	0.147929
1196	0.147244
1215	0.145898
1225	0.145006
1230	0.144891
1252	0.144436
1260	0.143617
1277	0.143444
1279	0.143337
1292	0.144022
1315	0.143535
1320	0.143741
1333	0.144611
1343	0.145882
1357	0.147069
1377	0.147857
1386	0.150751
1410	0.155353
1412	0.154963
1427	0.156522
1440	0.161609
1454	0.173638
1482	0.172845
1489	0.171197
1501	0.172307
1513	0.181653
1543	0.191446
1558	0.190324
1571	0.188789
1580	0.188016
1594	0.205991
1614	0.21251
1637	0.212662
1652	0.21134
1655	0.213799
1687	0.218529
1704	0.216157
1721	0.21434
1738	0.211721
1749	0.21008
1765	0.209781
1779	0.212249
1792	0.251326
1827	0.292322
1845	0.291101
1864	0.289823
1882	0.287454
1901	0.284374
1920	0.282611
1939	0.281059
1959	0.277284
1978	0.275039
1993	0.273293
2018	0.272068
2038	0.26981
2059	0.267572
2079	0.265804
2100	0.262909
2116	0.260921
2142	0.25836
2164	0.253698
2185	0.251019
2207	0.248432
2229	0.245456
2252	0.241776
2271	0.239621
2297	0.236512
2320	0.233751
2343	0.231198
2366	0.211864
2390	0.207079
2414	0.204113
2438	0.201991
2463	0.198305
2487	0.194846
2512	0.192234
2537	0.189812
2563	0.185025
2588	0.181168
2614	0.178525
2640	0.175895
2667	0.173258
2692	0.170778
2720	0.160647
2748	0.15635
2775	0.153403
2787	0.152268
2826	0.155293
2859	0.152483
2887	0.150976
2917	0.149625
2946	0.14924
2975	0.140508
3002	0.137866
